4.000,30,120,65
B0,mixamorig_Hips,-1,0.9995231628417969,-0.004618010483682156,-0.030511735007166862,0,0.0040282285772264,0.9998046159744263,-0.0193460825830698,0,0.03059549257159233,0.019213460385799408,0.9993464946746826,0,0.5288892388343811,144.65171813964844,2.6315624713897705,1
B1,mixamorig_Spine,0,0.9998773336410522,-0.012086882255971432,0.009989050216972828,0,0.012933611869812012,0.9958958029747009,-0.08957668393850327,0,-0.008865478448569775,0.08969520032405853,0.9959298372268677,0,0,13.237899780273438,-1.2511080503463745,1
B2,mixamorig_Spine1,1,0.9996488094329834,-0.018879488110542297,0.018594715744256973,0,0.0187115166336298,0.9997828006744385,0.009166145697236061,0,-0.01876360923051834,-0.008815334178507328,0.9997852444648743,0,0,15.51303482055664,0,1
B3,mixamorig_Spine2,2,0.9996488094329834,-0.018877867609262466,0.018603716045618057,0,0.018710516393184662,0.9997828006744385,0.009148146025836468,0,-0.018771987408399582,-0.008796955458819866,0.9997852444648743,0,0,17.729196548461914,0,1
B4,mixamorig_Neck,3,0.9981743097305298,0.059290122240781784,0.011499851010739803,0,-0.06035294383764267,0.9863736629486084,0.1530507504940033,0,-0.002269050804898143,-0.15346544981002808,0.9881517887115479,0,0,19.94532585144043,-9.999999974752427e-7,1
B5,mixamorig_Head,4,0.9979698657989502,-0.010600402019917965,-0.0627860426902771,0,0.010542131029069424,0.9999436736106873,-0.0012624390656128526,0,0.06279604136943817,0.0005972041981294751,0.9980257749557495,0,0,7.816849231719971,1.175125002861023,1
B6,mixamorig_HeadTop_End,5,1,0,0,0,0,1,0,0,0,0,1,0,0,33.50093078613281,5.036273002624512,1
B7,mixamorig_LeftShoulder,3,0.005036964546889067,0.02568877302110195,-0.9996573328971863,0,0.9086503982543945,-0.4175125062465668,-0.006150656845420599,0,-0.417527437210083,-0.9083080291748047,-0.025445064529776573,0,14.075080871582031,17.11031150817871,-0.2676979899406433,1
B8,mixamorig_LeftArm,7,0.7336786985397339,0.5663692355155945,-0.37542176246643066,0,0.05808549374341965,0.4982016980648041,0.8651130199432373,0,0.6770082712173462,-0.6565214991569519,0.3326229453086853,0,0,28.89638328552246,0,1
B9,mixamorig_LeftForeArm,8,0.9669232964515686,0.25440093874931335,-0.017476333305239677,0,-0.2538753151893616,0.9668248295783997,0.027623943984508514,0,0.02392716147005558,-0.022269167006015778,0.9994651675224304,0,0,17.833093643188477,0,1
B10,mixamorig_LeftHand,9,0.9555939435958862,-0.09334460645914078,0.27949729561805725,0,0.14248880743980408,0.9765957593917847,-0.16103067994117737,0,-0.2579156160354614,0.19370168447494507,0.9465398192405701,0,0,36.29474639892578,0,1
B11,mixamorig_LeftHandThumb1,10,0.9636059999465942,0.26729899644851685,-0.0039029999170452356,0,-0.25606200098991394,0.927095353603363,0.2737259864807129,0,0.07678499817848206,-0.26276499032974243,0.9617999792098999,0,-2.811598062515259,3.7317280769348145,2.6639459133148193,1
B12,mixamorig_LeftHandThumb2,11,0.9546769857406616,-0.20654399693012238,0.2143149971961975,0,0.2046400010585785,0.9783369898796082,0.03128400072455406,0,-0.2161339968442917,0.01399100013077259,0.9762639999389648,0,-0.7436519861221313,4.237991809844971,0,1
B13,mixamorig_LeftHandThumb3,12,0.9980409741401672,0.06217699870467186,-0.0068733785301446915,0,-0.06254299730062485,0.9939529895782471,-0.09025199711322784,0,0.0012199999764561653,0.09050499647855759,0.9958950281143188,0,0.024670999497175217,5.438395977020264,0,1
B14,mixamorig_LeftHandThumb4,13,1,0,0,0,0,1,0,0,0,0,1,0,0.7189810276031494,5.098296165466309,0,1
B15,mixamorig_LeftHandIndex1,10,0.997173011302948,0.07456237822771072,-0.009316000156104565,0,-0.06675300002098083,0.9359350204467773,0.3457876145839691,0,0.034501999616622925,-0.34418800473213196,0.9382669925689697,0,-3.890255928039551,14.6609525680542,0.13354399800300598,1
B16,mixamorig_LeftHandIndex2,15,0.9994369745254517,-0.033137623220682144,-0.0051910001784563065,0,0.03297962248325348,0.9426419734954834,0.3321720063686371,0,-0.006113999988883734,-0.3321560025215149,0.9432049989700317,0,0.006219000089913607,4.247330188751221,0,1
B17,mixamorig_LeftHandIndex3,16,0.9994289875030518,-0.033330000936985016,-0.005483999848365784,0,0.03349599987268448,0.9569823741912842,0.2882060110569,0,-0.004356999881565571,-0.288224995136261,0.9575530290603638,0,0.005231999792158604,4.0895161628723145,0,1
B18,mixamorig_LeftHandIndex4,17,1,0,0,0,0,1,0,0,0,0,1,0,-0.011451000347733498,3.0642969608306885,0,1
B19,mixamorig_LeftHandMiddle1,10,0.9978970289230347,0.06149600073695183,-0.02051199972629547,0,-0.04355499893426895,0.8703640103340149,0.49047937989234924,0,0.04801600053906441,-0.4885540008544922,0.8712109923362732,0,-1.497087001800537,14.069823265075684,0.20673200488090515,1
B20,mixamorig_LeftHandMiddle2,19,0.9989330172538757,-0.044808000326156616,-0.01120499987155199,0,0.044702623039484024,0.8768879771232605,0.47861137986183167,0,-0.011620000004768372,-0.4786013662815094,0.8779550194740295,0,0.001491999952122569,5.08748722076416,0,1
B21,mixamorig_LeftHandMiddle3,20,0.9990410208702087,-0.04265100136399269,-0.00993799977004528,0,0.04270000010728836,0.8983169794082642,0.4372679889202118,0,-0.009722622111439705,-0.4372729957103729,0.8992760181427002,0,0.0028729999903589487,4.90985107421875,0,1
B22,mixamorig_LeftHandMiddle4,21,1,0,0,0,0,1,0,0,0,0,1,0,-0.004364999942481518,4.282870769500732,0,1
B23,mixamorig_LeftHandRing1,10,0.9984959959983826,0.04757700115442276,-0.027243999764323235,0,-0.020155999809503555,0.7806733846664429,0.6246140003204346,0,0.050985999405384064,-0.6231250166893005,0.7804579734802246,0,1.4817140102386475,13.637606620788574,0.22413399815559387,1
B24,mixamorig_LeftHandRing2,23,0.9980990290641785,-0.058469001203775406,-0.019499000161886215,0,0.058118000626564026,0.7874889969825745,0.6135820150375366,0,-0.020519999787211418,-0.613548994064331,0.7893900275230408,0,0.0019839999731630087,4.6227707862854,0,1
B25,mixamorig_LeftHandRing3,24,0.998117983341217,-0.058375000953674316,-0.01878800056874752,0,0.058517999947071075,0.8150380253791809,0.5764449834823608,0,-0.018337000161409378,-0.5764589905738831,0.8169199824333191,0,0.005727000068873167,4.396667957305908,0,1
B26,mixamorig_LeftHandRing4,25,1,0,0,0,0,1,0,0,0,0,1,0,-0.007710999809205532,3.8964788913726807,0,1
B27,mixamorig_LeftHandPinky1,10,0.996167004108429,-0.011251999996602535,-0.08674799650907516,0,0.06959500163793564,0.7027323842048645,0.7080420255661011,0,0.05299299955368042,-0.7113649845123291,0.7008219957351685,0,3.905627965927124,13.646686553955078,0.25435900688171387,1
B28,mixamorig_LeftHandPinky2,27,0.9996430277824402,0.006104621570557356,-0.026010999456048012,0,0.014266000129282475,0.7011920213699341,0.7128300070762634,0,0.022590000182390213,-0.712946355342865,0.7008546590805054,0,-0.0007810000097379088,3.4152190685272217,0,1
B29,mixamorig_LeftHandPinky3,28,0.9970830082893372,-0.07103937864303589,-0.0279183778911829,0,0.07124737650156021,0.7349990010261536,0.6743149757385254,0,-0.027382999658584595,-0.6743370294570923,0.7379159927368164,0,0.010218000039458275,2.88669490814209,0,1
B30,mixamorig_LeftHandPinky4,29,1,0,0,0,0,1,0,0,0,0,1,0,-0.009436000138521194,2.262202024459839,0,1
B31,mixamorig_RightShoulder,3,-0.14128609001636505,-0.009932738728821278,0.98991858959198,0,-0.9044322967529297,-0.40530577301979065,-0.1331520974636078,0,0.40254202485084534,-0.9141272902488708,0.0482807457447052,0,-14.075080871582031,17.110355377197266,-0.2681719958782196,1
B32,mixamorig_RightArm,31,0.8142133951187134,0.3227761685848236,-0.4823874235153198,0,0.37116920948028564,0.34944361448287964,0.860143780708313,0,0.4461193382740021,-0.8795734643936157,0.16473950445652008,0,0,28.89638328552246,0,1
B33,mixamorig_RightForeArm,32,-0.1565614491701126,-0.9875842928886414,0.011098160408437252,0,0.9593803882598877,-0.14940133690834045,0.23922057449817657,0,-0.23459605872631073,0.04810584709048271,0.9709010124206543,0,0,17.840242385864258,0,1
B34,mixamorig_RightHand,33,0.8434754610061646,-0.05539664626121521,0.5342690348625183,0,0.358636736869812,0.7985603213310242,-0.4834042191505432,0,-0.39986640214920044,0.5993525385856628,0.6934314370155334,0,0,36.30215072631836,0,1
B35,mixamorig_RightHandThumb1,34,0.9193633198738098,-0.39206475019454956,0.032465144991874695,0,0.3686245381832123,0.8873376846313477,0.2770302891731262,0,-0.1374213844537735,-0.24272345006465912,0.96031254529953,0,2.7831900119781494,3.798103094100952,2.5753800868988037,1
B36,mixamorig_RightHandThumb2,35,0.9734445810317993,0.21450380980968475,-0.07995203137397766,0,-0.21967239677906036,0.9735621809959412,-0.06261377781629562,0,0.06440764665603638,0.07851456850767136,0.9948297739028931,0,0.4949820041656494,4.264951229095459,0,1
B37,mixamorig_RightHandThumb3,36,0.9994496703147888,-0.008786601014435291,-0.031973425298929214,0,0.0058724964037537575,0.9959136247634888,-0.09011580049991608,0,0.03263380751013756,0.08987871557474136,0.9954178333282471,0,-0.012356000021100044,5.384668827056885,0,1
B38,mixamorig_RightHandThumb4,37,1,0,0,0,0,1,0,0,0,0,1,0,-0.48262500762939453,5.393452167510986,0,1
B39,mixamorig_RightHandIndex1,34,0.9969030022621155,-0.0783419981598854,0.0068789999932050705,0,0.07644999772310257,0.9858980178833008,0.14886200428009033,0,-0.01844399981200695,-0.14787499606609344,0.988834023475647,0,3.9336791038513184,14.919988632202148,0.26294100284576416,1
B40,mixamorig_RightHandIndex2,39,0.999858021736145,0.016814379021525383,0.0012570000253617764,0,-0.016818000003695488,0.9891589879989624,0.14587900042533875,0,0.00120900000911206,-0.14587999880313873,0.9893019795417786,0,0.0004670000053010881,4.213602066040039,0,1
B41,mixamorig_RightHandIndex3,40,0.9999709725379944,0.007555000018328428,0.0002589999930933118,0,-0.007553999777883291,0.9972929954528809,0.07313799858093262,0,0.000295000005280599,-0.07313799858093262,0.9973220229148865,0,0.001151000033132732,3.941417932510376,0,1
B42,mixamorig_RightHandIndex4,41,1,0,0,0,0,1,0,0,0,0,1,0,-0.001617999980226159,3.323765993118286,0,1
B43,mixamorig_RightHandMiddle1,34,0.9969379901885986,-0.07805699855089188,0.004575999919325113,0,0.07650899887084961,0.9858940243721008,0.14886300265789032,0,-0.016131622716784477,-0.1480569988489151,0.988847017288208,0,1.354673981666565,14.19432544708252,0.04438899829983711,1
B44,mixamorig_RightHandMiddle2,43,0.9998570084571838,0.01689000055193901,0.0012420000275596976,0,-0.016891000792384148,0.9891639947891235,0.14584000408649445,0,0.001234999974258244,-0.14584000408649445,0.9893069863319397,0,0.00034500000765547156,5.0995402336120605,0,1
B45,mixamorig_RightHandMiddle3,44,0.9999639987945557,0.00848000030964613,0.00030637846793979406,0,-0.008479000069200993,0.9972869753837585,0.07311861962080002,0,0.00031400000443682075,-0.07311800122261047,0.9973229765892029,0,-0.00011100000119768083,4.879933834075928,0,1
B46,mixamorig_RightHandMiddle4,45,1,0,0,0,0,1,0,0,0,0,1,0,-0.00023400000645779073,4.079802989959717,0,1
B47,mixamorig_RightHandRing1,34,0.9970030188560486,-0.07730100303888321,0.003134000115096569,0,0.07597500085830688,0.9859349727630615,0.14886200428009033,0,-0.014596999622881413,-0.14817799627780914,0.9888529777526855,0,-1.3475799560546875,13.90466022491455,-0.1165900006890297,1
B48,mixamorig_RightHandRing2,47,0.9998559951782227,0.01689399965107441,0.0013279999839141965,0,-0.01690700091421604,0.9891679883003235,0.1458130031824112,0,0.0011490000179037452,-0.14581400156021118,0.9893109798431396,0,0.0027439999394118786,4.540379047393799,0,1
B49,mixamorig_RightHandRing3,48,0.9999740123748779,0.00724400021135807,0.00015700000221841037,0,-0.007236000150442123,0.997298002243042,0.07310599833726883,0,0.00037299998803064227,-0.07310561835765839,0.9973239898681641,0,0.001306000049225986,4.311276912689209,0,1
B50,mixamorig_RightHandRing4,49,1,0,0,0,0,1,0,0,0,0,1,0,-0.004050999879837036,3.7899529933929443,0,1
B51,mixamorig_RightHandPinky1,34,0.9968270063400269,-0.07941699773073196,0.005413000006228685,0,0.07773000001907349,0.9857969880104065,0.14887000620365143,0,-0.017159000039100647,-0.14797699451446533,0.9888420104980469,0,-3.9407739639282227,13.855216979980469,0.3203420042991638,1
B52,mixamorig_RightHandPinky2,51,0.9998300075531006,0.01838799938559532,0.0013289999915286899,0,-0.018386000767350197,0.9891350269317627,0.14585700631141663,0,0.0013676215894520283,-0.14585700631141663,0.9893050193786621,0,-0.003955000080168247,3.4309189319610596,0,1
B53,mixamorig_RightHandPinky3,52,0.9999570250511169,0.009199378080666065,0.0008839999791234732,0,-0.0092393783852458,0.9972800016403198,0.07312700152397156,0,-0.00020900000527035445,-0.0731320008635521,0.9973220229148865,0,0.0011769999982789159,2.9021201133728027,0,1
B54,mixamorig_RightHandPinky4,53,1,0,0,0,0,1,0,0,0,0,1,0,0.002776999957859516,2.2912681102752686,0,1
B55,mixamorig_LeftUpLeg,0,-0.9990637898445129,-0.009408303536474705,0.042227208614349365,0,0.009764223359525204,-0.9999186396598816,0.008226320147514343,0,0.04214682802557945,0.008631400763988495,0.9990739226341248,0,13.041370391845703,-7.352753162384033,0.28760799765586853,1
B56,mixamorig_LeftLeg,55,0.9960266947746277,0.005216401070356369,-0.08889997005462646,0,-0.016110310330986977,0.9923657178878784,-0.12227442860603333,0,0.08758334070444107,0.12322093546390533,0.9885063171386719,0,0,64.06565856933594,0,1
B57,mixamorig_LeftFoot,56,0.9997972249984741,0.013449927791953087,-0.01498748641461134,0,0.005698401015251875,0.5248638987541199,0.8511670231819153,0,0.01931460201740265,-0.8510802388191223,0.5246808528900146,0,0,58.883548736572266,0,1
B58,mixamorig_LeftToeBase,57,0.9724417924880981,0.005365654826164246,-0.23308424651622772,0,0.13898436725139618,0.7893361449241638,0.5980233550071716,0,0.1871904730796814,-0.6139373183250427,0.7668380737304688,0,0,23.242469787597656,0,1
B59,mixamorig_LeftToe_End,58,1,0,0,0,0,1,0,0,0,0,1,0,0,11.219941139221191,0,1
B60,mixamorig_RightUpLeg,0,-0.9883565306663513,-0.003724505193531513,-0.15210987627506256,0,0.006700477562844753,-0.9997957348823547,-0.01905250735580921,0,-0.15200825035572052,-0.019849831238389015,0.9881799221038818,0,-13.041370391845703,-7.352753162384033,0.6875150203704834,1
B61,mixamorig_RightLeg,60,0.9975107908248901,-0.042469322681427,0.056284599006175995,0,0.04745619744062424,0.9947696924209595,-0.09044846892356873,0,-0.05214892700314522,0.09289433807134628,0.9943090081214905,0,0,64.05745697021484,0,1
B62,mixamorig_RightFoot,61,0.9998128414154053,0.012914341874420643,0.014407784678041935,0,-0.019057605415582657,0.5284901857376099,0.8487255573272705,0,0.0033461488783359528,-0.84884113073349,0.5286370515823364,0,0,58.884857177734375,0,1
B63,mixamorig_RightToeBase,62,0.9717892408370972,-0.008190811611711979,0.23570702970027924,0,-0.13903962075710297,0.7873653173446655,0.6006027460098267,0,-0.19050715863704681,-0.6164323687553406,0.7640147805213928,0,0,23.475744247436523,0,1
B64,mixamorig_RightToe_End,63,1,0,0,0,0,1,0,0,0,0,1,0,0,11.220190048217773,0,1
@52,0,1,2,3,4,5,7,8,9,10,11,12,13,15,16,17,19,20,21,23,24,25,27,28,29,31,32,33,34,35,36,37,39,40,41,43,44,45,47,48,49,51,52,53,55,56,57,58,60,61,62,63
K0.000,0.9998909831047058,-0.001673000049777329,-0.014701000414788723,0,0.001133000012487173,0.9993280172348022,-0.03662500157952309,0,0.014752999879419804,0.03660399839282036,0.9992210268974304,0,-0.13538800179958344,144.60491943359375,0.8669540286064148,1,0.999921977519989,-0.012199999764561653,0.002609000075608492,0,0.012376000173389912,0.9964039921760559,-0.08381500095129013,0,-0.0015770000172778964,0.0838410034775734,0.9964780211448669,0,0,13.237899780273438,-1.2511080503463745,1,0.9997919797897339,-0.020072000101208687,0.0035810000263154507,0,0.01999399997293949,0.999584972858429,0.020757999271154404,0,-0.003996000159531832,-0.020681999623775482,0.9997779726982117,0,0,15.51303482055664,0,1,0.9997919797897339,-0.020073000341653824,0.003593999892473221,0,0.01999399997293949,0.999584972858429,0.020755000412464142,0,-0.004009000025689602,-0.02067900076508522,0.9997779726982117,0,0,17.729196548461914,0,1,0.9985290169715881,0.05112199857831001,0.018092000856995583,0,-0.053084999322891235,0.9896309971809387,0.13346000015735626,0,-0.011080999858677387,-0.13422399759292603,0.9908890128135681,0,0,19.94532585144043,0,1,0.999875009059906,0.014902000315487385,-0.005193000193685293,0,-0.015163999982178211,0.9983919858932495,-0.05461899936199188,0,0.004370999988168478,0.054691001772880554,0.998494029045105,0,0,7.816849231719971,1.175125002861023,1,0.002051000017672777,0.026977000758051872,-0.9996340274810791,0,0.9087859988212585,-0.41715699434280396,-0.009393000043928623,0,-0.41725799441337585,-0.9084339737892151,-0.02537200041115284,0,14.075080871582031,17.11031150817871,-0.2676979899406433,1,0.7543420195579529,0.5342000126838684,-0.38157299160957336,0,0.09583300352096558,0.4854060113430023,0.8690209984779358,0,0.6494489908218384,-0.6921070218086243,0.3149679899215698,0,0,28.89638328552246,0,1,0.9735400080680847,0.22805200517177582,-0.014599000103771687,0,-0.22766199707984924,0.9734359979629517,0.024351000785827637,0,0.019764000549912453,-0.020383000373840332,0.9995970129966736,0,0,17.833093643188477,0,1,0.9579070210456848,-0.11984899640083313,0.2608659863471985,0,0.15979699790477753,0.9775000214576721,-0.13768799602985382,0,-0.23849500715732574,0.17357699573040009,0.9555060267448425,0,0,36.29474639892578,0,1,0.9636059999465942,0.26729899644851685,-0.0039019999094307423,0,-0.25606200098991394,0.9270949959754944,0.2737269997596741,0,0.07678499817848206,-0.26276499032974243,0.9617999792098999,0,-2.811598062515259,3.7317280769348145,2.6639459133148193,1,0.9546769857406616,-0.20654399693012238,0.2143149971961975,0,0.2046400010585785,0.9783369898796082,0.03128400072455406,0,-0.2161339968442917,0.013992000371217728,0.9762629866600037,0,-0.7436519861221313,4.237991809844971,0,1,0.9980419874191284,0.06217600032687187,-0.00687299994751811,0,-0.06254299730062485,0.9939529895782471,-0.09025300294160843,0,0.0012199999764561653,0.09050600230693817,0.9958950281143188,0,0.024670999497175217,5.438395977020264,0,1,0.997173011302948,0.07456199824810028,-0.009316000156104565,0,-0.06675300002098083,0.9359359741210938,0.345786988735199,0,0.03450100123882294,-0.34418800473213196,0.9382669925689697,0,-3.890255928039551,14.6609525680542,0.13354399800300598,1,0.9994369745254517,-0.0331370010972023,-0.005189999938011169,0,0.032979000359773636,0.9426419734954834,0.3321720063686371,0,-0.006115000229328871,-0.3321560025215149,0.9432049989700317,0,0.006219000089913607,4.247330188751221,0,1,0.9994289875030518,-0.033330000936985016,-0.005485000088810921,0,0.03349599987268448,0.9569829702377319,0.2882060110569,0,-0.004356999881565571,-0.288224995136261,0.9575530290603638,0,0.005231999792158604,4.0895161628723145,0,1,0.9978970289230347,0.06149600073695183,-0.02051199972629547,0,-0.04355499893426895,0.8703629970550537,0.4904800057411194,0,0.04801600053906441,-0.48855501413345337,0.8712109923362732,0,-1.497087001800537,14.069823265075684,0.20673200488090515,1,0.9989330172538757,-0.044808000326156616,-0.01120499987155199,0,0.04470299929380417,0.8768879771232605,0.4786109924316406,0,-0.011620000004768372,-0.47860199213027954,0.8779550194740295,0,0.001491999952122569,5.08748722076416,0,1,0.9990410208702087,-0.04265100136399269,-0.00993799977004528,0,0.04270000010728836,0.8983169794082642,0.4372679889202118,0,-0.009721999987959862,-0.4372729957103729,0.8992760181427002,0,0.0028729999903589487,4.90985107421875,0,1,0.9984959959983826,0.04757700115442276,-0.027243999764323235,0,-0.020155999809503555,0.7806739807128906,0.6246140003204346,0,0.050985999405384064,-0.6231250166893005,0.7804579734802246,0,1.4817140102386475,13.637606620788574,0.22413399815559387,1,0.9980990290641785,-0.058469001203775406,-0.019499000161886215,0,0.058118000626564026,0.7874889969825745,0.6135820150375366,0,-0.020519999787211418,-0.613548994064331,0.7893900275230408,0,0.0019839999731630087,4.6227707862854,0,1,0.998117983341217,-0.058375000953674316,-0.01878800056874752,0,0.058517999947071075,0.8150380253791809,0.5764449834823608,0,-0.018337000161409378,-0.5764589905738831,0.8169199824333191,0,0.005727000068873167,4.396667957305908,0,1,0.996167004108429,-0.011251999996602535,-0.08674799650907516,0,0.06959500163793564,0.7027329802513123,0.7080420255661011,0,0.05299299955368042,-0.7113649845123291,0.7008219957351685,0,3.905627965927124,13.646686553955078,0.25435900688171387,1,0.9996430277824402,0.006105000153183937,-0.026010999456048012,0,0.014266000129282475,0.7011920213699341,0.7128300070762634,0,0.02259100042283535,-0.7129459977149963,0.700855016708374,0,-0.0007810000097379088,3.4152190685272217,0,1,0.9970830082893372,-0.07103999704122543,-0.027917999774217606,0,0.07124800235033035,0.7349979877471924,0.6743149757385254,0,-0.027382999658584595,-0.6743370294570923,0.7379159927368164,0,0.010218000039458275,2.88669490814209,0,1,-0.1326339989900589,-0.011993000283837318,0.9910929799079895,0,-0.9052820205688477,-0.4056769907474518,-0.12605899572372437,0,0.40357598662376404,-0.9139379858970642,0.042948998510837555,0,-14.075080871582031,17.110355377197266,-0.2681719958782196,1,0.5874930024147034,-0.6658400297164917,0.45989999175071716,0,-0.06543999910354614,0.5273659825325012,0.8471140265464783,0,-0.8065789937973022,-0.5277699828147888,0.26625099778175354,0,0,28.89638328552246,0,1,0.9391720294952393,-0.3424980044364929,0.025498999282717705,0,0.3414100110530853,0.9391000270843506,0.039108000695705414,0,-0.03734099864959717,-0.02802399918437004,0.9989100098609924,0,0,17.840242385864258,0,1,0.909991979598999,0.06119000166654587,-0.4100860059261322,0,-0.09683199971914291,0.9930639863014221,-0.06669600307941437,0,0.4031600058078766,0.10040199756622314,0.9096050262451172,0,0,36.30215072631836,0,1,0.9178599715232849,-0.39552199840545654,0.03308499976992607,0,0.37171900272369385,0.8858479857444763,0.27766698598861694,0,-0.13913199305534363,-0.2425609976053238,0.9601070284843445,0,2.7831900119781494,3.798103094100952,2.5753800868988037,1,0.9747160077095032,0.20974700152873993,-0.07703399658203125,0,-0.21466700732707977,0.974698007106781,-0.06230400130152702,0,0.06201599910855293,0.07726600021123886,0.9950799942016602,0,0.4949820041656494,4.264951229095459,0,1,0.9994680285453796,-0.011277000419795513,-0.030598999932408333,0,0.008491000160574913,0.9959310293197632,-0.08972299844026566,0,0.03148600086569786,0.08941499888896942,0.9954969882965088,0,-0.012356000021100044,5.384668827056885,0,1,0.9969030022621155,-0.0783419981598854,0.0068789999932050705,0,0.07644999772310257,0.9858980178833008,0.14886200428009033,0,-0.01844399981200695,-0.14787499606609344,0.988834023475647,0,3.9336791038513184,14.919988632202148,0.26294100284576416,1,0.999858021736145,0.01681400090456009,0.0012570000253617764,0,-0.016818000003695488,0.9891589879989624,0.14587900042533875,0,0.00120900000911206,-0.14587999880313873,0.9893019795417786,0,0.0004670000053010881,4.213602066040039,0,1,0.9999709725379944,0.007555000018328428,0.0002589999930933118,0,-0.007553999777883291,0.9972929954528809,0.07313799858093262,0,0.000295000005280599,-0.07313799858093262,0.9973220229148865,0,0.001151000033132732,3.941417932510376,0,1,0.9969379901885986,-0.07805699855089188,0.004575999919325113,0,0.07650899887084961,0.9858940243721008,0.14886300265789032,0,-0.016131000593304634,-0.1480569988489151,0.988847017288208,0,1.354673981666565,14.19432544708252,0.04438899829983711,1,0.9998570084571838,0.01689000055193901,0.0012420000275596976,0,-0.01689000055193901,0.9891639947891235,0.14584000408649445,0,0.001234999974258244,-0.14584000408649445,0.9893069863319397,0,0.00034500000765547156,5.0995402336120605,0,1,0.9999639987945557,0.008479000069200993,0.00030700000934302807,0,-0.008479000069200993,0.9972869753837585,0.07311800122261047,0,0.00031400000443682075,-0.07311800122261047,0.9973229765892029,0,-0.00011100000119768083,4.879933834075928,0,1,0.9970030188560486,-0.07730100303888321,0.003134000115096569,0,0.07597500085830688,0.9859349727630615,0.14886200428009033,0,-0.014596999622881413,-0.14817799627780914,0.9888529777526855,0,-1.3475799560546875,13.90466022491455,-0.1165900006890297,1,0.9998559951782227,0.01689399965107441,0.0013289999915286899,0,-0.01690700091421604,0.9891679883003235,0.1458130031824112,0,0.0011490000179037452,-0.14581499993801117,0.9893109798431396,0,0.0027439999394118786,4.540379047393799,0,1,0.9999740123748779,0.00724400021135807,0.00015700000221841037,0,-0.007236000150442123,0.997298002243042,0.07310599833726883,0,0.00037299998803064227,-0.07310499995946884,0.9973239898681641,0,0.001306000049225986,4.311276912689209,0,1,0.9968270063400269,-0.07941699773073196,0.005413000006228685,0,0.07773000001907349,0.9857969880104065,0.14887000620365143,0,-0.017159000039100647,-0.14797699451446533,0.9888420104980469,0,-3.9407739639282227,13.855216979980469,0.3203420042991638,1,0.9998300075531006,0.01838799938559532,0.0013289999915286899,0,-0.01838500052690506,0.9891350269317627,0.14585700631141663,0,0.0013680000556632876,-0.14585700631141663,0.9893050193786621,0,-0.003955000080168247,3.4309189319610596,0,1,0.9999570250511169,0.009198999963700771,0.0008839999791234732,0,-0.009239000268280506,0.9972800016403198,0.07312700152397156,0,-0.00020900000527035445,-0.0731320008635521,0.9973220229148865,0,0.0011769999982789159,2.9021201133728027,0,1,-0.999019980430603,-0.010298999957740307,0.04303700104355812,0,0.0101500004529953,-0.9999420046806335,-0.00368899991735816,0,0.04307299852371216,-0.003249000059440732,0.9990670084953308,0,13.041370391845703,-7.352753162384033,0.28760799765586853,1,0.9970710277557373,0.010091999545693398,-0.0758109986782074,0,-0.018438000231981277,0.9937379956245422,-0.11020699888467789,0,0.07422400265932083,0.11128199845552444,0.9910129904747009,0,0,64.06565856933594,0,1,0.999862015247345,0.006178999785333872,-0.015444999560713768,0,0.009715000167489052,0.5367879867553711,0.8436610102653503,0,0.013504000380635262,-0.8436939716339111,0.536653995513916,0,0,58.883548736572266,0,1,0.973779022693634,0.0011680000461637974,-0.22749300301074982,0,0.138946995139122,0.7887449860572815,0.5988109707832336,0,0.18013300001621246,-0.6147189736366272,0.7679010033607483,0,0,23.242469787597656,0,1,-0.9901049733161926,-0.0038739999290555716,-0.14027300477027893,0,0.006360999774187803,-0.9998300075531006,-0.017291000112891197,0,-0.1401820033788681,-0.018012000247836113,0.9899619817733765,0,-13.041370391845703,-7.352753162384033,0.6875150203704834,1,0.9973639845848083,-0.038957998156547546,0.061218999326229095,0,0.04503500089049339,0.9938399791717529,-0.10125800222158432,0,-0.05689699947834015,0.10374800115823746,0.9929749965667725,0,0,64.05745697021484,0,1,0.9998540282249451,0.009170000441372395,0.014414999634027481,0,-0.017083000391721725,0.5283510088920593,0.8488540053367615,0,0.00016799999866634607,-0.8489760160446167,0.5284309983253479,0,0,58.884857177734375,0,1,0.972042977809906,-0.0049600000493228436,0.23474900424480438,0,-0.13922399282455444,0.7928889989852905,0.5932480096817017,0,-0.18907299637794495,-0.6093459725379944,0.7700319886207581,0,0,23.475744247436523,0,1
K0.033,0.9998990297317505,-0.0015969994710758328,-0.014134995639324188,0,0.001080999500118196,0.9993360042572021,-0.03641899675130844,0,0.014183995313942432,0.036399997770786285,0.9992370009422302,0,-0.140840083360672,144.6058807373047,0.8931732177734375,1,0.999921977519989,-0.012227999977767467,0.002615999896079302,0,0.012404000386595726,0.9964069724082947,-0.08377499878406525,0,-0.001582000171765685,0.08380100131034851,0.9964810013771057,0,0,13.237899780273438,-1.2511080503463745,1,0.9997910261154175,-0.02011200040578842,0.0035420001950114965,0,0.020034000277519226,0.9995830059051514,0.020785000175237656,0,-0.003958000335842371,-0.02071000076830387,0.9997779726982117,0,0,15.51303482055664,0,1,0.9997910261154175,-0.02011300064623356,0.0035550002939999104,0,0.020035000517964363,0.9995830059051514,0.020781999453902245,0,-0.0039710006676614285,-0.020705999806523323,0.9997779726982117,0,0,17.729196548461914,0,1,0.9985420107841492,0.05090099573135376,0.017983997240662575,0,-0.052848994731903076,0.9896619915962219,0.13332399725914001,0,-0.011011998169124126,-0.13407999277114868,0.9909089803695679,0,0,19.94532585144043,0,1,0.9998679757118225,0.01542400661855936,-0.005077003035694361,0,-0.01567300595343113,0.9984639883041382,-0.05314698815345764,0,0.004249002784490585,0.0532199926674366,0.9985740184783936,0,0,7.816849231719971,1.175125002861023,1,0.0022250006441026926,0.0270019993185997,-0.9996330142021179,0,0.9087769985198975,-0.41718000173568726,-0.009245999157428741,0,-0.4172770082950592,-0.9084230065345764,-0.025467000901699066,0,14.075080871582031,17.11031150817871,-0.2676979899406433,1,0.7548789978027344,0.5333999991416931,-0.381630003452301,0,0.0955979973077774,0.48617398738861084,0.8686169981956482,0,0.6488590240478516,-0.6921849846839905,0.3160099983215332,0,0,28.89638328552246,0,1,0.9728869795799255,0.2308020144701004,-0.014903001487255096,0,-0.2303990125656128,0.9727830290794373,0.024688001722097397,0,0.02019500359892845,-0.02058500237762928,0.9995840191841125,0,0,17.833093643188477,0,1,0.9556859731674194,-0.12336506694555283,0.2672940194606781,0,0.16403207182884216,0.9771019816398621,-0.13551901280879974,0,-0.2444549947977066,0.1733580231666565,0.9540380239486694,0,0,36.29474639892578,0,1,0.9636059999465942,0.26729899644851685,-0.0039029999170452356,0,-0.2560630142688751,0.9270949959754944,0.2737269997596741,0,0.07678499817848206,-0.26276499032974243,0.9617999792098999,0,-2.811598062515259,3.7317280769348145,2.6639459133148193,1,0.9546769857406616,-0.20654399693012238,0.2143149971961975,0,0.2046400010585785,0.9783369898796082,0.031282998621463776,0,-0.2161329984664917,0.013992000371217728,0.9762639999389648,0,-0.7436519861221313,4.237991809844971,0,1,0.9980419874191284,0.06217600032687187,-0.00687299994751811,0,-0.06254299730062485,0.9939529895782471,-0.09025199711322784,0,0.0012199999764561653,0.09050499647855759,0.9958950281143188,0,0.024670999497175217,5.438395977020264,0,1,0.997173011302948,0.07456199824810028,-0.009316000156104565,0,-0.06675300002098083,0.9359350204467773,0.34578800201416016,0,0.034501999616622925,-0.34418800473213196,0.9382659792900085,0,-3.890255928039551,14.6609525680542,0.13354399800300598,1,0.9994369745254517,-0.0331370010972023,-0.005189999938011169,0,0.032979000359773636,0.9426429867744446,0.3321700096130371,0,-0.006115000229328871,-0.3321549892425537,0.9432049989700317,0,0.006219000089913607,4.247330188751221,0,1,0.9994289875030518,-0.033330000936985016,-0.005483999848365784,0,0.03349599987268448,0.9569820165634155,0.2882060110569,0,-0.004356999881565571,-0.288224995136261,0.9575530290603638,0,0.005231999792158604,4.0895161628723145,0,1,0.9978970289230347,0.06149600073695183,-0.02051199972629547,0,-0.04355499893426895,0.8703640103340149,0.4904800057411194,0,0.04801600053906441,-0.4885540008544922,0.8712109923362732,0,-1.497087001800537,14.069823265075684,0.20673200488090515,1,0.9989330172538757,-0.044808000326156616,-0.01120499987155199,0,0.04470200091600418,0.8768879771232605,0.4786109924316406,0,-0.011620000004768372,-0.47860100865364075,0.8779550194740295,0,0.001491999952122569,5.08748722076416,0,1,0.9990410208702087,-0.04265100136399269,-0.00993799977004528,0,0.04270000010728836,0.8983169794082642,0.4372679889202118,0,-0.009723000228404999,-0.4372729957103729,0.8992760181427002,0,0.0028729999903589487,4.90985107421875,0,1,0.9984959959983826,0.04757700115442276,-0.027243999764323235,0,-0.020155999809503555,0.7806739807128906,0.6246129870414734,0,0.050985999405384064,-0.6231250166893005,0.7804589867591858,0,1.4817140102386475,13.637606620788574,0.22413399815559387,1,0.9980990290641785,-0.058469001203775406,-0.019499000161886215,0,0.058118000626564026,0.7874889969825745,0.6135820150375366,0,-0.020519999787211418,-0.613548994064331,0.7893900275230408,0,0.0019839999731630087,4.6227707862854,0,1,0.998117983341217,-0.058375000953674316,-0.01878800056874752,0,0.058517999947071075,0.8150380253791809,0.5764449834823608,0,-0.018337000161409378,-0.5764600038528442,0.8169199824333191,0,0.005727000068873167,4.396667957305908,0,1,0.996167004108429,-0.011253000237047672,-0.08674799650907516,0,0.06959500163793564,0.7027329802513123,0.7080420255661011,0,0.05299299955368042,-0.7113649845123291,0.7008219957351685,0,3.905627965927124,13.646686553955078,0.25435900688171387,1,0.9996430277824402,0.006105000153183937,-0.026010999456048012,0,0.014266000129282475,0.7011920213699341,0.7128300070762634,0,0.022590000182390213,-0.7129470109939575,0.7008540034294128,0,-0.0007810000097379088,3.4152190685272217,0,1,0.9970830082893372,-0.07103899866342545,-0.027917999774217606,0,0.07124699652194977,0.7349990010261536,0.6743149757385254,0,-0.027382999658584595,-0.6743370294570923,0.7379159927368164,0,0.010218000039458275,2.88669490814209,0,1,-0.13277900218963623,-0.01198899932205677,0.9910730123519897,0,-0.9052690267562866,-0.40566501021385193,-0.12619000673294067,0,0.4035570025444031,-0.9139429926872253,0.04301099851727486,0,-14.075080871582031,17.110355377197266,-0.2681719958782196,1,0.587647020816803,-0.665785014629364,0.45978501439094543,0,-0.06551200151443481,0.5272369980812073,0.8471890091896057,0,-0.806460976600647,-0.5279690027236938,0.26621198654174805,0,0,28.89638328552246,0,1,0.9391980171203613,-0.3424299955368042,0.025491999462246895,0,0.3413420021533966,0.9391260147094727,0.03909900039434433,0,-0.03732899948954582,-0.028020000085234642,0.9989100098609924,0,0,17.840242385864258,0,1,0.9110950231552124,0.061917006969451904,-0.40751898288726807,0,-0.09776100516319275,0.992904007434845,-0.06770600378513336,0,0.4004349708557129,0.10152600705623627,0.9106839895248413,0,0,36.30215072631836,0,1,0.9178599715232849,-0.39552199840545654,0.03308499976992607,0,0.37171900272369385,0.8858479857444763,0.27766698598861694,0,-0.13913199305534363,-0.2425609976053238,0.9601079821586609,0,2.7831900119781494,3.798103094100952,2.5753800868988037,1,0.9747920036315918,0.20946000516414642,-0.07686299830675125,0,-0.21436500549316406,0.9747660160064697,-0.06228499859571457,0,0.06187700107693672,0.07719200104475021,0.9950940012931824,0,0.4949820041656494,4.264951229095459,0,1,0.999468982219696,-0.011427000164985657,-0.03051700070500374,0,0.008647000417113304,0.9959310293197632,-0.08969999849796295,0,0.03141799941658974,0.08938799798488617,0.9955009818077087,0,-0.012356000021100044,5.384668827056885,0,1,0.9969030022621155,-0.0783419981598854,0.0068789999932050705,0,0.07644999772310257,0.9858980178833008,0.14886200428009033,0,-0.01844399981200695,-0.14787499606609344,0.988834023475647,0,3.9336791038513184,14.919988632202148,0.26294100284576416,1,0.999858021736145,0.01681400090456009,0.0012570000253617764,0,-0.016818000003695488,0.9891589879989624,0.14587900042533875,0,0.00120900000911206,-0.14587999880313873,0.9893019795417786,0,0.0004670000053010881,4.213602066040039,0,1,0.9999709725379944,0.007555000018328428,0.0002579999854788184,0,-0.007553999777883291,0.9972929954528809,0.07313799858093262,0,0.000295000005280599,-0.07313799858093262,0.9973220229148865,0,0.001151000033132732,3.941417932510376,0,1,0.9969379901885986,-0.07805699855089188,0.004575999919325113,0,0.07650899887084961,0.9858940243721008,0.14886300265789032,0,-0.016131000593304634,-0.1480569988489151,0.988847017288208,0,1.354673981666565,14.19432544708252,0.04438899829983711,1,0.9998570084571838,0.01689000055193901,0.0012420000275596976,0,-0.016891000792384148,0.9891639947891235,0.14584000408649445,0,0.001234999974258244,-0.14584000408649445,0.9893069863319397,0,0.00034500000765547156,5.0995402336120605,0,1,0.9999639987945557,0.008479000069200993,0.0003060000017285347,0,-0.008479000069200993,0.9972869753837585,0.07311899960041046,0,0.0003150000120513141,-0.07311899960041046,0.9973229765892029,0,-0.00011100000119768083,4.879933834075928,0,1,0.9970030188560486,-0.07730100303888321,0.003134000115096569,0,0.07597500085830688,0.9859349727630615,0.14886200428009033,0,-0.014596999622881413,-0.14817799627780914,0.9888529777526855,0,-1.3475799560546875,13.90466022491455,-0.1165900006890297,1,0.9998559951782227,0.01689399965107441,0.0013279999839141965,0,-0.01690700091421604,0.9891679883003235,0.1458130031824112,0,0.0011490000179037452,-0.14581499993801117,0.9893109798431396,0,0.0027439999394118786,4.540379047393799,0,1,0.9999740123748779,0.00724400021135807,0.00015600000915583223,0,-0.007236000150442123,0.997298002243042,0.07310599833726883,0,0.00037399999564513564,-0.07310599833726883,0.9973239898681641,0,0.001306000049225986,4.311276912689209,0,1,0.9968270063400269,-0.07941699773073196,0.005413000006228685,0,0.07773000001907349,0.9857969880104065,0.14887000620365143,0,-0.017159000039100647,-0.14797699451446533,0.9888420104980469,0,-3.9407739639282227,13.855216979980469,0.3203420042991638,1,0.9998300075531006,0.01838799938559532,0.0013289999915286899,0,-0.018386000767350197,0.9891350269317627,0.14585700631141663,0,0.0013670000480487943,-0.14585700631141663,0.9893050193786621,0,-0.003955000080168247,3.4309189319610596,0,1,0.9999570250511169,0.009198999963700771,0.0008839999791234732,0,-0.009239000268280506,0.9972800016403198,0.07312700152397156,0,-0.00020799999765586108,-0.0731320008635521,0.9973220229148865,0,0.0011769999982789159,2.9021201133728027,0,1,-0.9989849925041199,-0.010351999662816525,0.043831001967191696,0,0.01018300000578165,-0.9999399781227112,-0.004060000646859407,0,0.043870002031326294,-0.0036100002471357584,0.9990310072898865,0,13.041370391845703,-7.352753162384033,0.28760799765586853,1,0.9970470070838928,0.010026998817920685,-0.07614000141620636,0,-0.01836100034415722,0.9938110113143921,-0.10955499857664108,0,0.07457000017166138,0.11062899976968765,0.9910600185394287,0,0,64.06565856933594,0,1,0.9998610019683838,0.006194000132381916,-0.015448000282049179,0,0.009708000347018242,0.536886990070343,0.8435980081558228,0,0.013519000262022018,-0.8436319828033447,0.5367519855499268,0,0,58.883548736572266,0,1,0.9737709760665894,0.0012000008719041944,-0.227524995803833,0,0.13894599676132202,0.7887319922447205,0.5988280177116394,0,0.18017500638961792,-0.614736020565033,0.767877995967865,0,0,23.242469787597656,0,1,-0.990227997303009,-0.0038620007690042257,-0.13940200209617615,0,0.006319000385701656,-0.9998319745063782,-0.017190000042319298,0,-0.1393129974603653,-0.017903000116348267,0.9900869727134705,0,-13.041370391845703,-7.352753162384033,0.6875150203704834,1,0.997389018535614,-0.038913000375032425,0.06082899495959282,0,0.04495599865913391,0.9938340187072754,-0.10135799646377563,0,-0.05650999769568443,0.10382799804210663,0.9929890036582947,0,0,64.05745697021484,0,1,0.9998540282249451,0.00914200022816658,0.014419999904930592,0,-0.017072999849915504,0.5282059907913208,0.8489450216293335,0,0.00014399975771084428,-0.849066972732544,0.528285026550293,0,0,58.884857177734375,0,1,0.9720309972763062,-0.004989999812096357,0.23479799926280975,0,-0.1392260044813156,0.7929040193557739,0.5932279825210571,0,-0.18913300335407257,-0.6093260049819946,0.7700330018997192,0,0,23.475744247436523,0,1
