2.367,30,71,65
B0,mixamorig_Hips,-1,0.8892154097557068,-0.18877874314785004,-0.41406792402267456,0,0.2133539915084839,0.9768707752227783,0.013372848741710186,0,0.4019622206687927,-0.10026848316192627,0.9089236855506897,0,-0.1550496518611908,120.85868072509766,1.4656611680984497,1
B1,mixamorig_Spine,0,0.9930058121681213,-0.06099121645092964,0.09625234454870224,0,0.07948005944490433,0.9755276441574097,-0.20442859828472137,0,-0.08152454346418381,0.21103519201278687,0.9736232161521912,0,0,17.666656494140625,-1.0185739994049072,1
B2,mixamorig_Spine1,1,0.9929243922233582,0.11599142849445343,0.024625923484563828,0,-0.11768144369125366,0.9893418550491333,0.08561111241579056,0,-0.014442561194300652,-0.08792588114738464,0.9960055351257324,0,0,20.645328521728516,0,1
B3,mixamorig_Spine2,2,0.9930440783500671,0.11472023278474808,0.025796324014663696,0,-0.11654061079025269,0.9893690347671509,0.08687886595726013,0,-0.0155620276927948,-0.08930061757564545,0.9958683252334595,0,0,23.59464454650879,0,1
B4,mixamorig_Neck,3,0.9964033961296082,0.04295811429619789,0.07303329557180405,0,-0.04767419770359993,0.9967966675758362,0.06414739787578583,0,-0.07004626840353012,-0.06739937514066696,0.9952595829963684,0,0,26.54399299621582,0.0000019999999949504854,1
B5,mixamorig_Head,4,0.9580190181732178,0.021935870870947838,0.2858401834964752,0,-0.03920765221118927,0.9977089166641235,0.05490727350115776,0,-0.28398239612579346,-0.06381051987409592,0.9566842913627625,0,0,2.947448968887329,0.17006899416446686,1
B6,mixamorig_HeadTop_End,5,1,0,0,0,0,1,0,0,0,0,1,0,0,46.438079833984375,2.6794939041137695,1
B7,mixamorig_LeftShoulder,3,0.012668093666434288,0.01995229348540306,-0.999716579914093,0,0.9907376766204834,-0.13519254326820374,0.009844751097261906,0,-0.13495494425296783,-0.9905872941017151,-0.02149858884513378,0,14.406773567199707,23.940893173217773,-0.2293359935283661,1
B8,mixamorig_LeftArm,7,0.616411030292511,0.7827514410018921,-0.07165339589118958,0,-0.5347913503646851,0.4842376410961151,0.6909887194633484,0,0.5772976875305176,-0.38841456174850464,0.7180287837982178,0,0,29.841907501220703,0,1
B9,mixamorig_LeftForeArm,8,-0.28612619638442993,0.9546555280685425,0.08223731815814972,0,-0.95467209815979,-0.2913729250431061,0.060846440494060516,0,0.08204931765794754,-0.06109944358468056,0.9947538375854492,0,0,26.156173706054688,0,1
B10,mixamorig_LeftHand,9,0.739195704460144,0.542076587677002,-0.3994894027709961,0,-0.6320058107376099,0.7633334994316101,-0.13357199728488922,0,0.23260243237018585,0.3511885106563568,0.9068865180015564,0,0,43.65608596801758,0,1
B11,mixamorig_LeftHandThumb1,10,0.9188030362129211,0.39098259806632996,-0.05413820967078209,0,-0.35345491766929626,0.8760395646095276,0.3280598223209381,0,0.17569266259670258,-0.2822868227958679,0.9431043267250061,0,-3.3639400005340576,3.0863139629364014,2.9053609371185303,1
B12,mixamorig_LeftHandThumb2,11,0.9958189725875854,-0.06944745779037476,0.059344999492168427,0,0.0692870020866394,0.9975849986076355,0.004763000179082155,0,-0.05953200161457062,-0.0006309999735094607,0.99822598695755,0,-0.8362389802932739,4.247529983520508,0,1
B13,mixamorig_LeftHandThumb3,12,0.9994959831237793,-0.009159999899566174,0.03039100021123886,0,0.010765000246465206,0.9985330104827881,-0.05307399854063988,0,-0.02985999919474125,0.0533749982714653,0.9981279969215393,0,0.23138999938964844,4.875850200653076,0,1
B14,mixamorig_LeftHandThumb4,13,1,0,0,0,0,1,0,0,0,0,1,0,0.6048480272293091,4.147852897644043,0,1
B15,mixamorig_LeftHandIndex1,10,0.9964918494224548,0.08316496759653091,-0.008827206678688526,0,-0.07003176957368851,0.8873835802078247,0.45476898550987244,0,0.045565757900476456,-0.45256713032722473,0.8901035785675049,0,-4.849192142486572,12.55928897857666,-0.13308699429035187,1
B16,mixamorig_LeftHandIndex2,15,0.9987355470657349,-0.048911258578300476,-0.011144242249429226,0,0.04872772842645645,0.8935574293136597,0.4452458620071411,0,-0.011919030919671059,-0.4452251195907593,0.8948219418525696,0,0.0058559998869895935,4.757896900177002,0,1
B17,mixamorig_LeftHandIndex3,16,0.9996350407600403,-0.026758862659335136,-0.0033797146752476692,0,0.026818949729204178,0.9729744791984558,0.2288367599248886,0,-0.0028597302734851837,-0.22884385287761688,0.973339855670929,0,0.0015279999934136868,4.557248115539551,0,1
B18,mixamorig_LeftHandIndex4,17,1,0,0,0,0,1,0,0,0,0,1,0,-0.00738399988040328,4.008693218231201,0,1
B19,mixamorig_LeftHandMiddle1,10,0.9965069890022278,0.08287940919399261,-0.009781473316252232,0,-0.06935785710811615,0.8875665664672852,0.4545142650604248,0,0.046264395117759705,-0.4522595703601837,0.8902236819267273,0,-1.6685010194778442,12.544510841369629,-0.13059799373149872,1
B20,mixamorig_LeftHandMiddle2,19,0.9987854957580566,-0.04789036512374878,-0.011119430884718895,0,0.04779982939362526,0.8934664726257324,0.4455292224884033,0,-0.011501505970954895,-0.4455195963382721,0.8946809768676758,0,0.0028029999230057,5.3844380378723145,0,1
B21,mixamorig_LeftHandMiddle3,20,0.9996591806411743,-0.025869688019156456,-0.0031345419120043516,0,0.025896957144141197,0.9729945063591003,0.22885894775390625,0,-0.0028960048221051693,-0.2288619428873062,0.973335325717926,0,0.0017399999778717756,5.308879852294922,0,1
B22,mixamorig_LeftHandMiddle4,21,1,0,0,0,0,1,0,0,0,0,1,0,-0.004542999900877476,4.071887969970703,0,1
B23,mixamorig_LeftHandRing1,10,0.9965193867683411,0.08286761492490768,-0.008505473844707012,0,-0.06991231441497803,0.887393057346344,0.45476800203323364,0,0.04514576122164726,-0.4526020586490631,0.8901076316833496,0,1.7869720458984375,12.310368537902832,-0.27515000104904175,1
B24,mixamorig_LeftHandRing2,23,0.998778760433197,-0.048097334802150726,-0.010806803591549397,0,0.047849446535110474,0.8936097621917725,0.44523587822914124,0,-0.01185730192810297,-0.4452090561389923,0.8948310017585754,0,0.005619999952614307,4.997322082519531,0,1
B25,mixamorig_LeftHandRing3,24,0.9995666742324829,-0.029144229367375374,-0.00384324393235147,0,0.029247675091028214,0.972908079624176,0.2288236767053604,0,-0.0029546283185482025,-0.2288367599248886,0.9733414053916931,0,0.006182000041007996,4.803802967071533,0,1
B26,mixamorig_LeftHandRing4,25,1,0,0,0,0,1,0,0,0,0,1,0,-0.01180300023406744,3.6254398822784424,0,1
B27,mixamorig_LeftHandPinky1,10,0.9988094568252563,0.01976116932928562,-0.0444476343691349,0,0.0021961501333862543,0.8946689367294312,0.44579723477363586,0,0.04849037155508995,-0.4453757703304291,0.8935691118240356,0,4.730720043182373,12.365822792053223,0.10495799779891968,1
B28,mixamorig_LeftHandPinky2,27,0.9995995163917542,0.02604549750685692,-0.01059790886938572,0,-0.018424823880195618,0.891128420829773,0.4523411989212036,0,0.021129248663783073,-0.4519719183444977,0.891261875629425,0,-0.0022909999825060368,3.731684923171997,0,1
B29,mixamorig_LeftHandPinky3,28,0.9996698498725891,-0.025492530316114426,-0.0028719184920191765,0,0.02546980418264866,0.9729915261268616,0.2289213091135025,0,-0.0030652752611786127,-0.22891876101493835,0.9733216762542725,0,0.0034719998948276043,3.155273914337158,0,1
B30,mixamorig_LeftHandPinky4,29,1,0,0,0,0,1,0,0,0,0,1,0,-0.0011810000287368894,2.485116958618164,0,1
B31,mixamorig_RightShoulder,3,-0.17692920565605164,0.003523316001519561,0.984127938747406,0,-0.9398670196533203,-0.2970922589302063,-0.16794732213020325,0,0.2917722761631012,-0.9548187851905823,0.05579796060919762,0,-14.406773567199707,23.93178367614746,-0.07135000079870224,1
B32,mixamorig_RightArm,31,0.9087943434715271,0.3834362030029297,-0.16242782771587372,0,-0.25882962346076965,0.8266003727912903,0.49870559573173523,0,0.32529178261756897,-0.41156691312789917,0.85047847032547,0,0,29.841907501220703,0,1
B33,mixamorig_RightForeArm,32,-0.2488706260919571,-0.9657964706420898,-0.07278842478990555,0,0.965844452381134,-0.2530757188796997,0.05562398582696915,0,-0.07214279472827911,-0.056458983570337296,0.995795488357544,0,0,26.150726318359375,0,1
B34,mixamorig_RightHand,33,0.7522573471069336,0.4320605993270874,0.49712058901786804,0,-0.5337597727775574,0.8421593904495239,0.07528463006019592,0,-0.3861980736255646,-0.32195138931274414,0.8641284704208374,0,0,43.6580810546875,0,1
B35,mixamorig_RightHandThumb1,34,0.9743607044219971,-0.2183271050453186,0.05421129986643791,0,0.19324776530265808,0.9357107281684875,0.2951050102710724,0,-0.1151568666100502,-0.2770620286464691,0.953925609588623,0,3.4822371006011963,3.3747119903564453,2.920154094696045,1
B36,mixamorig_RightHandThumb2,35,0.8063020706176758,0.550543487071991,-0.21616245806217194,0,-0.5554298162460327,0.8304129242897034,0.04318681359291077,0,0.20327749848365784,0.08525670319795609,0.9753991961479187,0,0.7877960205078125,4.459403038024902,0,1
B37,mixamorig_RightHandThumb3,36,0.9556477665901184,0.27390584349632263,-0.10816667228937149,0,-0.2810651361942291,0.9579654932022095,-0.05737794190645218,0,0.08790227025747299,0.08523911982774734,0.9924748539924622,0,-0.31853699684143066,4.8867411613464355,0,1
B38,mixamorig_RightHandThumb4,37,1,0,0,0,0,1,0,0,0,0,1,0,-0.46925899386405945,4.188273906707764,0,1
B39,mixamorig_RightHandIndex1,34,0.9955729842185974,-0.09399300068616867,0.0003319999959785491,0,0.09281100332736969,0.9836030006408691,0.15462900698184967,0,-0.014860999770462513,-0.15391400456428528,0.9879725575447083,0,4.930697917938232,13.267807006835938,-0.05654200166463852,1
B40,mixamorig_RightHandIndex2,39,0.9998070001602173,0.01959400065243244,0.0017434549517929554,0,-0.019593454897403717,0.9840660095214844,0.17671899497509003,0,0.0017470000311732292,-0.17671899497509003,0.9842600226402283,0,-0.0005259999888949096,4.783915996551514,0,1
B41,mixamorig_RightHandIndex3,40,0.9999529719352722,0.009700999595224857,0.00043700000969693065,0,-0.009701999835669994,0.9960100054740906,0.08871299773454666,0,0.0004250000056345016,-0.08871299773454666,0.9960569739341736,0,0.0003530000103637576,4.444900989532471,0,1
B42,mixamorig_RightHandIndex4,41,1,0,0,0,0,1,0,0,0,0,1,0,0.00017299999308306724,3.859863042831421,0,1
B43,mixamorig_RightHandMiddle1,34,0.9955099821090698,-0.09465300291776657,0.0011769999982789159,0,0.09333299845457077,0.9835540056228638,0.15463055670261383,0,-0.015793999657034874,-0.15382599830627441,0.9879720211029053,0,1.4880579710006714,13.061296463012695,-0.2947640120983124,1
B44,mixamorig_RightHandMiddle2,43,0.9998080134391785,0.019536999985575676,0.0016370000084862113,0,-0.019518999382853508,0.984063982963562,0.17673799395561218,0,0.0018420000560581684,-0.1767359972000122,0.9842569828033447,0,-0.003705000039190054,5.8780927658081055,0,1
B45,mixamorig_RightHandMiddle3,44,0.99993497133255,0.011378999799489975,0.0006689999718219042,0,-0.01139300037175417,0.9959909915924072,0.08872199803590775,0,0.0003440000000409782,-0.08872400224208832,0.9960560202598572,0,-0.0016870000399649143,5.062880039215088,0,1
B46,mixamorig_RightHandMiddle4,45,1,0,0,0,0,1,0,0,0,0,1,0,0.005390999838709831,3.854628086090088,0,1
B47,mixamorig_RightHandRing1,34,0.9955620169639587,-0.09410800039768219,0.0005600000149570405,0,0.09289000183343887,0.9835960268974304,0.15463000535964966,0,-0.015103000216186047,-0.15389199554920197,0.9879720211029053,0,-1.7037990093231201,13.177420616149902,-0.0645660012960434,1
B48,mixamorig_RightHandRing2,47,0.9998130202293396,0.019267000257968903,0.0016820000018924475,0,-0.01926100067794323,0.9840720295906067,0.17672500014305115,0,0.001749000046402216,-0.17672400176525116,0.9842590093612671,0,-0.0008709999965503812,4.905510902404785,0,1
B49,mixamorig_RightHandRing3,48,0.9999439716339111,0.010576999746263027,0.0005050000036135316,0,-0.010579999536275864,0.9960010051727295,0.08871500194072723,0,0.00043554508010856807,-0.08871554583311081,0.9960569739341736,0,-0.0012809999752789736,4.684585094451904,0,1
B50,mixamorig_RightHandRing4,49,1,0,0,0,0,1,0,0,0,0,1,0,0.0021520000882446766,3.7490170001983643,0,1
B51,mixamorig_RightHandPinky1,34,0.9955080151557922,-0.09466300159692764,0.0017140000127255917,0,0.0932610034942627,0.9835609793663025,0.15463000535964966,0,-0.01632400043308735,-0.15377600491046906,0.9879710078239441,0,-4.714957237243652,13.141351699829102,0.02516699954867363,1
B52,mixamorig_RightHandPinky2,51,0.9998189806938171,0.018960999324917793,0.001643999945372343,0,-0.018952999264001846,0.9840729832649231,0.17674900591373444,0,0.0017340000486001372,-0.17674854397773743,0.9842550158500671,0,-0.0020210000220686197,3.593626022338867,0,1
B53,mixamorig_RightHandPinky3,52,0.9999269843101501,0.012082000263035297,0.0007360000163316727,0,-0.01209999993443489,0.9959819912910461,0.08872699737548828,0,0.0003389999910723418,-0.08872900158166885,0.9960560202598572,0,-0.002340999897569418,3.127902030944824,0,1
B54,mixamorig_RightHandPinky4,53,1,0,0,0,0,1,0,0,0,0,1,0,0.004362000152468681,2.493251085281372,0,1
B55,mixamorig_LeftUpLeg,0,-0.9713795185089111,-0.2200297713279724,0.08552525192499161,0,0.22606131434440613,-0.7618152499198914,0.6066933870315552,0,-0.06854335218667984,0.6091592907905579,0.7898977994918823,0,12.222530364990234,-9.82147216796875,0.06579100340604782,1
B56,mixamorig_LeftLeg,55,0.9732705950737,0.22648100554943085,-0.034272026270627975,0,-0.15667520463466644,0.5454217791557312,-0.8210429549217224,0,-0.16788069903850555,0.8044795393943787,0.5662943720817566,0,0,53.90801239013672,0,1
B57,mixamorig_LeftFoot,56,0.9699448347091675,0.1885848194360733,0.1463937759399414,0,-0.21155641973018646,0.39446544647216797,0.8938092589378357,0,0.11070013791322708,-0.8981673121452332,0.4237595498561859,0,0,43.97639465332031,0,1
B58,mixamorig_LeftToeBase,57,0.30540594458580017,0.14149750769138336,-0.94112628698349,0,0.7394489645957947,0.58737713098526,0.32800745964050293,0,0.5999423265457153,-0.7961563467979431,0.07472476363182068,0,0,24.69675064086914,0,1
B59,mixamorig_LeftToe_End,58,1,0,0,0,0,1,0,0,0,0,1,0,0,10.961599349975586,0,1
B60,mixamorig_RightUpLeg,0,-0.9703657627105713,-0.22041954100131989,-0.09816653281450272,0,0.1993078738451004,-0.96157306432724,0.1886976957321167,0,-0.1359940618276596,0.16362033784389496,0.9770376086235046,0,-12.222530364990234,-9.82147216796875,0.2906930148601532,1
B61,mixamorig_RightLeg,60,0.9869155287742615,0.03210185468196869,-0.15795142948627472,0,-0.10856714844703674,0.856692910194397,-0.5041921734809875,0,0.11909889429807663,0.514755129814148,0.8489870429039001,0,0,53.84123229980469,0,1
B62,mixamorig_RightFoot,61,0.9864321947097778,-0.022638052701950073,-0.1601862758398056,0,0.1596129685640335,0.3051535189151764,0.9385730624198914,0,0.027391836047172546,-0.9518921375274658,0.30441099405288696,0,0,43.88596725463867,0,1
B63,mixamorig_RightToeBase,62,0.2966928482055664,-0.0026309757959097624,0.954969584941864,0,-0.7500657439231873,0.6183046698570251,0.23473666608333588,0,-0.5910791754722595,-0.7859345078468323,0.18147315084934235,0,0,23.847070693969727,9.999999974752427e-7,1
B64,mixamorig_RightToe_End,63,1,0,0,0,0,1,0,0,0,0,1,0,0,10.848485946655273,0,1
@52,0,1,2,3,4,5,7,8,9,10,11,12,13,15,16,17,19,20,21,23,24,25,27,28,29,31,32,33,34,35,36,37,39,40,41,43,44,45,47,48,49,51,52,53,55,56,57,58,60,61,62,63
K0.000,0.9592580199241638,-0.02739899978041649,-0.28119799494743347,0,0.05118200182914734,0.9956709742546082,0.07758300006389618,0,0.2778550088405609,-0.08881399780511856,0.9565079808235168,0,1.6318060159683228,124.47174072265625,1.1832749843597412,1,0.9848060011863708,0.05403999984264374,0.1650339961051941,0,-0.016214000061154366,0.974810004234314,-0.2224459946155548,0,-0.17289799451828003,0.216389998793602,0.9608749747276306,0,0,17.666656494140625,-1.0185739994049072,1,0.9996269941329956,-0.0035890000872313976,0.027065999805927277,0,0.001361000002361834,0.9966409802436829,0.08187799900770187,0,-0.027269000187516212,-0.08181100338697433,0.996275007724762,0,0,20.645328521728516,0,1,0.9996070265769958,-0.005867999978363514,0.027413999661803246,0,0.0036100000143051147,0.9966509938240051,0.08168800175189972,0,-0.027800999581813812,-0.08155599981546402,0.9962810277938843,0,0,23.59464454650879,0,1,0.9985870122909546,0.0340300016105175,0.040821000933647156,0,-0.03824299946427345,0.9934899806976318,0.10730800032615662,0,-0.03690300136804581,-0.10871700197458267,0.99338698387146,0,0,26.54399299621582,0.0000019999999949504854,1,0.9908260107040405,-0.0029009999707341194,0.135110005736351,0,-0.01307199988514185,0.9930239915847778,0.1171879991889,0,-0.13450700044631958,-0.1178790032863617,0.9838759899139404,0,0,2.947448968887329,0.17006899416446686,1,0.015239999629557133,0.02212899923324585,-0.9996389746665955,0,0.9870659708976746,-0.1599009931087494,0.011508000083267689,0,-0.1595889925956726,-0.9868850111961365,-0.024279000237584114,0,14.406773567199707,23.940893173217773,-0.2293359935283661,1,0.7637779712677002,0.6291030049324036,0.14447300136089325,0,-0.5746790170669556,0.5608329772949219,0.5959960222244263,0,0.29391801357269287,-0.5382339954376221,0.7898839712142944,0,0,29.841907501220703,0,1,-0.28097501397132874,0.9562129974365234,0.08190900087356567,0,-0.9562299847602844,-0.28619998693466187,0.06094599887728691,0,0.08171900361776352,-0.06119899824261665,0.9947749972343445,0,0,26.156173706054688,0,1,0.7555239796638489,0.42622700333595276,-0.4975079894065857,0,-0.5798220038414001,0.7885400056838989,-0.20496700704097748,0,0.3049429953098297,0.4433229863643646,0.8428959846496582,0,0,43.65608596801758,0,1,0.9184979796409607,0.3916189968585968,-0.05473899841308594,0,-0.3542799949645996,0.8764870166778564,0.32597100734710693,0,0.1756339967250824,-0.28001099824905396,0.9437940120697021,0,-3.3639400005340576,3.0863139629364014,2.9053609371185303,1,0.9958189725875854,-0.06944800168275833,0.059344999492168427,0,0.0692870020866394,0.9975849986076355,0.004763000179082155,0,-0.05953200161457062,-0.0006309999735094607,0.99822598695755,0,-0.8362389802932739,4.247529983520508,0,1,0.9994959831237793,-0.009159999899566174,0.03039100021123886,0,0.010765000246465206,0.9985330104827881,-0.05307399854063988,0,-0.02985999919474125,0.0533749982714653,0.9981279969215393,0,0.23138999938964844,4.875850200653076,0,1,0.9923580288887024,0.123369000852108,0.002191999927163124,0,-0.12314199656248093,0.989096999168396,0.08076599985361099,0,0.007796000223606825,-0.08041899651288986,0.9967309832572937,0,-4.849192142486572,12.55928897857666,-0.13308699429035187,1,0.9999420046806335,-0.010719000361859798,-0.0003769999893847853,0,0.01070799957960844,0.9957910180091858,0.09102699905633926,0,-0.0006000000284984708,-0.09102600067853928,0.9958480000495911,0,0.0058559998869895935,4.757896900177002,0,1,0.9999750256538391,-0.0070779998786747456,-0.0002840000088326633,0,0.007083000149577856,0.9989359974861145,0.045559998601675034,0,-0.00003899999865097925,-0.04556100070476532,0.9989619851112366,0,0.0015279999934136868,4.557248115539551,0,1,0.9924370050430298,0.12274400144815445,0.0014189999783411622,0,-0.12246000021696091,0.9892039895057678,0.08048900216817856,0,0.008476000279188156,-0.08005400002002716,0.996753990650177,0,-1.6685010194778442,12.544510841369629,-0.13059799373149872,1,0.9999499917030334,-0.009968999773263931,-0.0004130000015720725,0,0.009964999742805958,0.9957720041275024,0.0913119986653328,0,-0.0004990000161342323,-0.0913119986653328,0.995822012424469,0,0.0028029999230057,5.3844380378723145,0,1,0.9999799728393555,-0.006297000218182802,-0.00019099999917671084,0,0.006298999767750502,0.9989420175552368,0.04556500166654587,0,-0.00009600000339560211,-0.04556500166654587,0.9989609718322754,0,0.0017399999778717756,5.308879852294922,0,1,0.9923760294914246,0.12321600317955017,0.0026030000299215317,0,-0.12302300333976746,0.9891120195388794,0.08076599985361099,0,0.00737700005993247,-0.0804700031876564,0.9967300295829773,0,1.7869720458984375,12.310368537902832,-0.27515000104904175,1,0.9999529719352722,-0.009674999862909317,-0.0003440000000409782,0,0.009665999561548233,0.9958019852638245,0.09102299809455872,0,-0.0005389999714680016,-0.09102199971675873,0.9958490133285522,0,0.005619999952614307,4.997322082519531,0,1,0.9999549984931946,-0.009456999599933624,-0.0004830000107176602,0,0.009468999691307545,0.9989169836044312,0.045559000223875046,0,0.000050999999075429514,-0.04556100070476532,0.9989619851112366,0,0.006182000041007996,4.803802967071533,0,1,0.9986569881439209,0.05138299986720085,-0.0065830000676214695,0,-0.050769999623298645,0.9960579872131348,0.0727429986000061,0,0.010294999927282333,-0.07231099903583527,0.9973289966583252,0,4.730720043182373,12.365822792053223,0.10495799779891968,1,0.9980090260505676,0.06306599825620651,-0.00014400000509340316,0,-0.06274300068616867,0.9931280016899109,0.09878899902105331,0,0.006374000106006861,-0.09858299791812897,0.9951080083847046,0,-0.0022909999825060368,3.731684923171997,0,1,0.9999799728393555,-0.006353000178933144,-0.0001049999991664663,0,0.006351000163704157,0.9989410042762756,0.045577000826597214,0,-0.00018400000408291817,-0.045577000826597214,0.9989609718322754,0,0.0034719998948276043,3.155273914337158,0,1,-0.16318899393081665,0.0009529999806545675,0.986594021320343,0,-0.9394599795341492,-0.3055480122566223,-0.15509699285030365,0,0.30130401253700256,-0.9521759748458862,0.0507580004632473,0,-14.406773567199707,23.93178367614746,-0.07135000079870224,1,0.971310019493103,0.23521199822425842,0.03511400148272514,0,-0.22066399455070496,0.836309015750885,0.501891016960144,0,0.08868499845266342,-0.4952400028705597,0.86421799659729,0,0,29.841907501220703,0,1,-0.4090929925441742,-0.9088000059127808,-0.0820159986615181,0,0.9088450074195862,-0.4138369858264923,0.0523420013487339,0,-0.08150900155305862,-0.053126998245716095,0.9952560067176819,0,0,26.150726318359375,0,1,0.7524009943008423,0.3366990089416504,0.5661510229110718,0,-0.5442280173301697,0.8019589781761169,0.24632799625396729,0,-0.37109100818634033,-0.4934529960155487,0.7866359949111938,0,0,43.6580810546875,0,1,0.8861280083656311,-0.46036800742149353,0.05326800048351288,0,0.42111098766326904,0.8478469848632812,0.32221099734306335,0,-0.19349899888038635,-0.26308900117874146,0.9451680183410645,0,3.4822371006011963,3.3747119903564453,2.920154094696045,1,0.9916030168533325,0.11208400130271912,-0.06450200080871582,0,-0.1112160012125969,0.9936529994010925,0.01690400019288063,0,0.0659869983792305,-0.009588999673724174,0.9977740049362183,0,0.7877960205078125,4.459403038024902,0,1,0.998881995677948,0.040828000754117966,-0.023821000009775162,0,-0.04198399931192398,0.9978560209274292,-0.05021199956536293,0,0.021719999611377716,0.051155999302864075,0.9984539747238159,0,-0.31853699684143066,4.8867411613464355,0,1,0.9955729842185974,-0.09399300068616867,0.0003319999959785491,0,0.09281100332736969,0.9836040139198303,0.15462900698184967,0,-0.014860999770462513,-0.15391400456428528,0.9879729747772217,0,4.930697917938232,13.267807006835938,-0.05654200166463852,1,0.9998070001602173,0.01959400065243244,0.001744000008329749,0,-0.019593000411987305,0.9840660095214844,0.17671899497509003,0,0.0017470000311732292,-0.17671899497509003,0.9842600226402283,0,-0.0005259999888949096,4.783915996551514,0,1,0.9999529719352722,0.009700999595224857,0.00043700000969693065,0,-0.009700999595224857,0.9960100054740906,0.08871299773454666,0,0.0004250000056345016,-0.08871400356292725,0.9960569739341736,0,0.0003530000103637576,4.444900989532471,0,1,0.9955099821090698,-0.09465300291776657,0.0011769999982789159,0,0.09333299845457077,0.9835540056228638,0.15463000535964966,0,-0.015793999657034874,-0.15382599830627441,0.9879720211029053,0,1.4880579710006714,13.061296463012695,-0.2947640120983124,1,0.9998080134391785,0.019536999985575676,0.0016370000084862113,0,-0.019518999382853508,0.984063982963562,0.17673799395561218,0,0.0018420000560581684,-0.1767359972000122,0.9842569828033447,0,-0.003705000039190054,5.8780927658081055,0,1,0.99993497133255,0.011377999559044838,0.0006689999718219042,0,-0.01139300037175417,0.9959909915924072,0.08872199803590775,0,0.0003440000000409782,-0.08872400224208832,0.9960560202598572,0,-0.0016870000399649143,5.062880039215088,0,1,0.9955620169639587,-0.09410800039768219,0.0005600000149570405,0,0.09289000183343887,0.9835960268974304,0.15463000535964966,0,-0.015103000216186047,-0.15389199554920197,0.9879720211029053,0,-1.7037990093231201,13.177420616149902,-0.0645660012960434,1,0.9998130202293396,0.019267000257968903,0.0016820000018924475,0,-0.01926100067794323,0.9840720295906067,0.17672500014305115,0,0.001749000046402216,-0.17672400176525116,0.9842590093612671,0,-0.0008709999965503812,4.905510902404785,0,1,0.9999439716339111,0.010576999746263027,0.0005050000036135316,0,-0.010579999536275864,0.9960010051727295,0.08871500194072723,0,0.0004349999944679439,-0.08871600031852722,0.9960569739341736,0,-0.0012809999752789736,4.684585094451904,0,1,0.9955080151557922,-0.09466300159692764,0.0017140000127255917,0,0.09325999766588211,0.9835609793663025,0.15463000535964966,0,-0.01632400043308735,-0.15377500653266907,0.9879710078239441,0,-4.714957237243652,13.141351699829102,0.02516699954867363,1,0.9998189806938171,0.018960999324917793,0.001643999945372343,0,-0.018952999264001846,0.9840729832649231,0.17675000429153442,0,0.0017340000486001372,-0.17674900591373444,0.984254002571106,0,-0.0020210000220686197,3.593626022338867,0,1,0.9999269843101501,0.012082000263035297,0.0007360000163316727,0,-0.01209999993443489,0.9959830045700073,0.08872699737548828,0,0.0003389999910723418,-0.08872900158166885,0.9960560202598572,0,-0.002340999897569418,3.127902030944824,0,1,-0.9824979901313782,0.11487399786710739,0.1466359943151474,0,-0.0706849992275238,-0.9582440257072449,0.2770780026912689,0,0.17234200239181519,0.26186299324035645,0.9495930075645447,0,12.222530364990234,-9.82147216796875,0.06579100340604782,1,0.9847139716148376,0.08004900068044662,0.15469400584697723,0,0.027502000331878662,0.8055400252342224,-0.5919029712677002,0,-0.17199400067329407,0.5871099829673767,0.7910249829292297,0,0,53.90801239013672,0,1,0.9658690094947815,0.21197499334812164,0.14887499809265137,0,-0.20563000440597534,0.2779429852962494,0.9383310079574585,0,0.1575240045785904,-0.9369170069694519,0.31204500794410706,0,0,43.97639465332031,0,1,0.3021770119667053,0.10839500278234482,-0.947068989276886,0,0.7395340204238892,0.6002269983291626,0.3046579957008362,0,0.6014800071716309,-0.792451024055481,0.1012130007147789,0,0,24.69675064086914,0,1,-0.9875689744949341,-0.10251899808645248,-0.11914999783039093,0,0.07152800261974335,-0.9681040048599243,0.2401210069656372,0,-0.1399659961462021,0.22861400246620178,0.9634029865264893,0,-12.222530364990234,-9.82147216796875,0.2906930148601532,1,0.9927080273628235,-0.10729199647903442,0.05495399981737137,0,0.11962900310754776,0.8206620216369629,-0.5587509870529175,0,0.014851000159978867,0.5612499713897705,0.8275129795074463,0,0,53.84123229980469,0,1,0.9942219853401184,0.028635000810027122,-0.10345099866390228,0,0.08364900201559067,0.39726701378822327,0.9138829708099365,0,0.06726600229740143,-0.9172559976577759,0.39257699251174927,0,0,43.88596725463867,0,1,0.30880799889564514,-0.126010000705719,0.9427400231361389,0,-0.7510929703712463,0.5757910013198853,0.3229930102825165,0,-0.5835210084915161,-0.8078280091285706,0.08316399902105331,0,0,23.847070693969727,0,1
K0.033,0.9409309029579163,-0.06390439718961716,-0.3325132429599762,0,0.09624044597148895,0.992000937461853,0.08168599754571915,0,0.3246331810951233,-0.10886216908693314,0.9395539164543152,0,2.136094093322754,124.33625793457031,1.4172210693359375,1,0.9818440079689026,0.061253249645233154,0.17952588200569153,0,-0.015403248369693756,0.9690479636192322,-0.24639113247394562,0,-0.1890619546175003,0.23915208876132965,0.9523980021476746,0,0,17.666656494140625,-1.0185739994049072,1,0.9990159869194031,0.031091157346963882,0.03164399042725563,0,-0.0338781513273716,0.9952080249786377,0.09172399342060089,0,-0.02863997593522072,-0.09270600229501724,0.995281994342804,0,0,20.645328521728516,0,1,0.9990590214729309,0.028237156569957733,0.032919991761446,0,-0.03116915561258793,0.995248019695282,0.09224800020456314,0,-0.03015797957777977,-0.09318699687719345,0.9951919913291931,0,0,23.59464454650879,0,1,0.9987159967422485,0.023014938458800316,0.045123063027858734,0,-0.027311941608786583,0.9949039816856384,0.09705595672130585,0,-0.04266006872057915,-0.09816395491361618,0.9942560195922852,0,0,26.54399299621582,0.0000019999999949504854,1,0.985444962978363,-0.03514812886714935,0.16631831228733063,0,0.013642066158354282,0.9915860295295715,0.12872612476348877,0,-0.16944433748722076,-0.12458408623933792,0.9776339530944824,0,0,2.947448968887329,0.17006899416446686,1,0.008777049370110035,0.019431034103035927,-0.9997730255126953,0,0.9906610250473022,-0.1362137794494629,0.006050049792975187,0,-0.1360657811164856,-0.9904890060424805,-0.02044503763318062,0,14.406773567199707,23.940893173217773,-0.2293359935283661,1,0.7017514109611511,0.708421528339386,0.07538525015115738,0,-0.6211884021759033,0.556640088558197,0.5516133904457092,0,0.3488123118877411,-0.4339248239994049,0.8306863903999329,0,0,29.841907501220703,0,1,-0.28223705291748047,0.9558349847793579,0.08198900520801544,0,-0.9558510184288025,-0.2874670624732971,0.06092200055718422,0,0.08180000633001328,-0.06117499992251396,0.9947689771652222,0,0,26.156173706054688,0,1,0.7651628255844116,0.43703657388687134,-0.4727835953235626,0,-0.5818050503730774,0.7838348150253296,-0.2170363813638687,0,0.27573132514953613,0.44113561511039734,0.8540325164794922,0,0,43.65608596801758,0,1,0.9184309840202332,0.3918759822845459,-0.05402499437332153,0,-0.35426196455955505,0.8755589723587036,0.3284730315208435,0,0.17602300643920898,-0.2825400233268738,0.9429669976234436,0,-3.3639400005340576,3.0863139629364014,2.9053609371185303,1,0.9958189725875854,-0.06944800168275833,0.05934400111436844,0,0.0692870020866394,0.9975849986076355,0.004763000179082155,0,-0.05953200161457062,-0.0006309999735094607,0.99822598695755,0,-0.8362389802932739,4.247529983520508,0,1,0.9994959831237793,-0.009159999899566174,0.03039100021123886,0,0.010765000246465206,0.9985330104827881,-0.05307399854063988,0,-0.02985999919474125,0.0533749982714653,0.9981279969215393,0,0.23138999938964844,4.875850200653076,0,1,0.992385983467102,0.12314999848604202,0.002177000045776367,0,-0.12290599942207336,0.9889569878578186,0.08281099796295166,0,0.008046000264585018,-0.08244799822568893,0.9965630173683167,0,-4.849192142486572,12.55928897857666,-0.13308699429035187,1,0.9999399781227112,-0.010947000235319138,-0.0003979999746661633,0,0.010936000384390354,0.9955930113792419,0.09313999861478806,0,-0.000623999978415668,-0.09313900023698807,0.995652973651886,0,0.0058559998869895935,4.757896900177002,0,1,0.9999740123748779,-0.007191000040620565,-0.000291000003926456,0,0.007197000086307526,0.9988870024681091,0.046620000153779984,0,-0.000044999989768257365,-0.04662099853157997,0.9989129900932312,0,0.0015279999934136868,4.557248115539551,0,1,0.992464005947113,0.12252700328826904,0.0014019999653100967,0,-0.12222400307655334,0.9890649914741516,0.08253400027751923,0,0.008725999854505062,-0.08208300173282623,0.9965869784355164,0,-1.6685010194778442,12.544510841369629,-0.13059799373149872,1,0.9999480247497559,-0.010193999856710434,-0.0004339999577496201,0,0.01018999982625246,0.9955739974975586,0.09342599660158157,0,-0.0005210000090301037,-0.09342499822378159,0.9956259727478027,0,0.0028029999230057,5.3844380378723145,0,1,0.9999790191650391,-0.006409999914467335,-0.0001979999797185883,0,0.0064119999296963215,0.9988920092582703,0.04662499949336052,0,-0.00010099999781232327,-0.04662499949336052,0.99891197681427,0,0.0017399999778717756,5.308879852294922,0,1,0.9924039840698242,0.12299700081348419,0.0025869999080896378,0,-0.1227869987487793,0.988972008228302,0.08281099796295166,0,0.007627000100910664,-0.08250000327825546,0.9965620040893555,0,1.7869720458984375,12.310368537902832,-0.27515000104904175,1,0.9999510049819946,-0.009903999976813793,-0.0003619999624788761,0,0.00989499967545271,0.9956039786338806,0.09313599765300751,0,-0.0005619999719783664,-0.09313499927520752,0.995652973651886,0,0.005619999952614307,4.997322082519531,0,1,0.9999539852142334,-0.009571000002324581,-0.0004910000134259462,0,0.009584000334143639,0.9988669753074646,0.04661799967288971,0,0.000045000000682193786,-0.04662099853157997,0.9989129900932312,0,0.006182000041007996,4.803802967071533,0,1,0.9986670017242432,0.05118099972605705,-0.00674699991941452,0,-0.05053500086069107,0.9959189891815186,0.07478299736976624,0,0.010545999743044376,-0.0743430033326149,0.997177004814148,0,4.730720043182373,12.365822792053223,0.10495799779891968,1,0.9980229735374451,0.06284599751234055,-0.00016399998276028782,0,-0.0625080019235611,0.9929310083389282,0.10090100020170212,0,0.006504000164568424,-0.10069099813699722,0.9948959946632385,0,-0.0022909999825060368,3.731684923171997,0,1,0.9999790191650391,-0.00646300008520484,-0.00011100000119768083,0,0.006461999844759703,0.9988909959793091,0.046636998653411865,0,-0.00019099998462479562,-0.046636998653411865,0.99891197681427,0,0.0034719998948276043,3.155273914337158,0,1,-0.19386324286460876,0.0023710248060524464,0.9810259342193604,0,-0.9294539093971252,-0.32041215896606445,-0.18289820849895477,0,0.31389912962913513,-0.947274923324585,0.06432012468576431,0,-14.406773567199707,23.93178367614746,-0.07135000079870224,1,0.946968674659729,0.32001858949661255,-0.028943706303834915,0,-0.2688072621822357,0.8383269906044006,0.4742888808250427,0,0.17604583501815796,-0.4413565397262573,0.8798930048942566,0,0,29.841907501220703,0,1,-0.3686504065990448,-0.9261462092399597,-0.07968596369028091,0,0.9261932373046875,-0.37325841188430786,0.053341012448072433,0,-0.07914496213197708,-0.05414101108908653,0.9953920245170593,0,0,26.150726318359375,0,1,0.7583380341529846,0.39131635427474976,0.5213385820388794,0,-0.5408939123153687,0.8240981698036194,0.1682153344154358,0,-0.3638089597225189,-0.4095532298088074,0.8366053700447083,0,0,43.6580810546875,0,1,0.909548282623291,-0.41206619143486023,0.05407000705599785,0,0.37575826048851013,0.8709512948989868,0.31662189960479736,0,-0.17756174504756927,-0.2676650583744049,0.9470099806785583,0,3.4822371006011963,3.3747119903564453,2.920154094696045,1,0.9835156798362732,0.1617131382226944,-0.08091037720441818,0,-0.1609281301498413,0.9868337512016296,0.016170015558600426,0,0.08246036618947983,-0.002882812637835741,0.9965899586677551,0,0.7877960205078125,4.459403038024902,0,1,0.9973069429397583,0.06571957468986511,-0.03256220370531082,0,-0.06735359132289886,0.9963769316673279,-0.05192403122782707,0,0.029031166806817055,0.05397807061672211,0.9981200098991394,0,-0.31853699684143066,4.8867411613464355,0,1,0.9955729842185974,-0.09399300068616867,0.0003319999959785491,0,0.09281100332736969,0.9836030006408691,0.15462900698184967,0,-0.01486000046133995,-0.15391400456428528,0.9879720211029053,0,4.930697917938232,13.267807006835938,-0.05654200166463852,1,0.9998070001602173,0.01959400065243244,0.001744000008329749,0,-0.01959400065243244,0.9840660095214844,0.17671899497509003,0,0.0017470000311732292,-0.17671899497509003,0.9842600226402283,0,-0.0005259999888949096,4.783915996551514,0,1,0.9999529719352722,0.009700999595224857,0.00043700000969693065,0,-0.009700999595224857,0.9960100054740906,0.08871299773454666,0,0.0004250000056345016,-0.08871299773454666,0.9960569739341736,0,0.0003530000103637576,4.444900989532471,0,1,0.9955099821090698,-0.09465300291776657,0.0011769999982789159,0,0.09333299845457077,0.9835540056228638,0.15463000535964966,0,-0.015793999657034874,-0.15382599830627441,0.9879720211029053,0,1.4880579710006714,13.061296463012695,-0.2947640120983124,1,0.9998080134391785,0.019536999985575676,0.001636000000871718,0,-0.019518999382853508,0.984063982963562,0.17673799395561218,0,0.00184299994725734,-0.1767359972000122,0.9842569828033447,0,-0.003705000039190054,5.8780927658081055,0,1,0.99993497133255,0.011378999799489975,0.0006689999718219042,0,-0.01139300037175417,0.9959909915924072,0.08872199803590775,0,0.0003440000000409782,-0.08872299641370773,0.9960560202598572,0,-0.0016870000399649143,5.062880039215088,0,1,0.9955620169639587,-0.09410800039768219,0.0005600000149570405,0,0.09289000183343887,0.9835960268974304,0.15463000535964966,0,-0.015103000216186047,-0.15389199554920197,0.9879720211029053,0,-1.7037990093231201,13.177420616149902,-0.0645660012960434,1,0.9998130202293396,0.019267000257968903,0.0016820000018924475,0,-0.01926100067794323,0.9840720295906067,0.17672500014305115,0,0.001749000046402216,-0.17672400176525116,0.9842590093612671,0,-0.0008709999965503812,4.905510902404785,0,1,0.9999439716339111,0.010576999746263027,0.0005050000036135316,0,-0.010579999536275864,0.9960010051727295,0.08871500194072723,0,0.0004360000020824373,-0.08871600031852722,0.9960569739341736,0,-0.0012809999752789736,4.684585094451904,0,1,0.9955080151557922,-0.09466300159692764,0.0017140000127255917,0,0.0932610034942627,0.9835609793663025,0.15463000535964966,0,-0.016323000192642212,-0.15377600491046906,0.9879710078239441,0,-4.714957237243652,13.141351699829102,0.02516699954867363,1,0.9998189806938171,0.018960999324917793,0.001643999945372343,0,-0.018952999264001846,0.9840729832649231,0.17674900591373444,0,0.0017340000486001372,-0.17674799263477325,0.9842550158500671,0,-0.0020210000220686197,3.593626022338867,0,1,0.9999269843101501,0.012082000263035297,0.0007360000163316727,0,-0.01209999993443489,0.9959819912910461,0.08872699737548828,0,0.0003389999910723418,-0.08872900158166885,0.9960560202598572,0,-0.002340999897569418,3.127902030944824,0,1,-0.9872180223464966,0.06689158827066422,0.14465709030628204,0,-0.007545433938503265,-0.9262555837631226,0.376819908618927,0,0.1591958850622177,0.37091198563575745,0.9149215817451477,0,12.222530364990234,-9.82147216796875,0.06579100340604782,1,0.9964590072631836,0.06744106858968735,0.05021478608250618,0,-0.012985273264348507,0.713470995426178,-0.700563907623291,0,-0.08307352662086487,0.6974309086799622,0.7118200063705444,0,0,53.90801239013672,0,1,0.9894750118255615,0.08951124548912048,0.113693967461586,0,-0.13992910087108612,0.39178866147994995,0.9093517065048218,0,0.0368531309068203,-0.9156906604766846,0.40019068121910095,0,0,43.97639465332031,0,1,0.31643012166023254,0.2513992190361023,-0.9146965146064758,0,0.7386450171470642,0.5397183299064636,0.4038658142089844,0,0.5952099561691284,-0.8034319281578064,-0.014912047423422337,0,0,24.69675064086914,0,1,-0.9867929220199585,-0.10866721719503403,-0.12012620270252228,0,0.08176518976688385,-0.9743360280990601,0.20972491800785065,0,-0.1398342251777649,0.19713285565376282,0.9703530073165894,0,-12.222530364990234,-9.82147216796875,0.2906930148601532,1,0.9983220100402832,-0.05760452151298523,-0.005904464982450008,0,0.04705436900258064,0.8664361834526062,-0.4970667362213135,0,0.03374917060136795,0.4959547221660614,0.8676921129226685,0,0,53.84123229980469,0,1,0.9942820072174072,0.019881628453731537,-0.10491706430912018,0,0.08853421360254288,0.3958427608013153,0.9140400886535645,0,0.05970265716314316,-0.9181030988693237,0.3918187916278839,0,0,43.88596725463867,0,1,0.3053029775619507,-0.09128469973802567,0.9478700757026672,0,-0.7509440183639526,0.5890011191368103,0.2985987961292267,0,-0.5855540037155151,-0.8029599189758301,0.11127423495054245,0,0,23.847070693969727,0,1
