1.167,30,35,41
B0,mixamorig_Hips,-1,0.3962288498878479,-0.09941093623638153,0.9127486944198608,0,0.24099485576152802,0.9705259203910828,0.0010885061929002404,0,-0.8859539031982422,0.21953748166561127,0.40850797295570374,0,1.1754286289215088,85.10507202148438,-8.058613777160645,1
B1,mixamorig_Spine,0,0.9768407940864563,-0.058152541518211365,0.20588888227939606,0,0.03312275558710098,0.9918519258499146,0.12299249321222305,0,-0.21136488020420074,-0.11333028972148895,0.9708119630813599,0,0,28.583595275878906,-1.358983039855957,1
B2,mixamorig_Spine1,1,0.999483048915863,0.012716746889054775,0.029430216178297997,0,-0.014560308307409286,0.9978843331336975,0.06330753117799759,0,-0.02856357768177986,-0.06370296329259872,0.9975602626800537,0,0,33.38517379760742,0,1
B3,mixamorig_Spine2,2,0.9995114207267761,0.011848184280097485,0.02881709486246109,0,-0.013666030950844288,0.9978715777397156,0.06371614336967468,0,-0.02800176292657852,-0.06407869607210159,0.997551679611206,0,0,38.15451431274414,0,1
B4,mixamorig_Neck,3,0.99937504529953,0.021479347720742226,0.028010016307234764,0,-0.027122508734464645,0.9751338362693787,0.21992427110671997,0,-0.02259528823196888,-0.22054734826087952,0.9751102924346924,0,0,42.923797607421875,-9.999999974752427e-7,1
B5,mixamorig_Head,4,0.9926415681838989,0.042214613407850266,0.11345371603965759,0,-0.034447088837623596,0.9969773292541504,-0.06957614421844482,0,-0.11604740470647812,0.06515448540449142,0.9911037683486938,0,0,15.823516845703125,53.12283706665039,1
B6,mixamorig_HeadTop_End,5,1,0,0,0,0,1,0,0,0,0,1,0,0,0.5852659940719604,1.9648590087890625,1
B7,mixamorig_LeftShoulder,3,0.12674181163311005,0.016001950949430466,-0.9918063879013062,0,0.9472782611846924,-0.2985835671424866,0.11623458564281464,0,-0.2942776083946228,-0.9542487859725952,-0.053000934422016144,0,24.5362548828125,34.00480651855469,-0.650164008140564,1
B8,mixamorig_LeftArm,7,0.5061920285224915,0.8426862955093384,0.1820024698972702,0,-0.8450238704681396,0.44237107038497925,0.2996467351913452,0,0.17178672552108765,-0.3055492043495178,0.9360928535461426,0,0,53.4140625,0,1
B9,mixamorig_LeftForeArm,8,0.01160239428281784,-0.06339605897665024,0.9979204535484314,0,-0.8177799582481384,0.5735876560211182,0.0459471195936203,0,-0.5753085017204285,-0.8166125416755676,-0.04519825428724289,0,0,30.705495834350586,0,1
B10,mixamorig_LeftHand,9,-0.9630833864212036,0.17350690066814423,-0.20433247089385986,0,0.26083555817604065,0.7821215987205505,-0.5650609731674194,0,0.062267694622278214,-0.5978968143463135,-0.7989296913146973,0,0,68.91097259521484,0,1
B11,mixamorig_LeftHandThumb1,10,0.9540600180625916,0.296671986579895,-0.04189800098538399,0,-0.29805999994277954,0.9540119767189026,-0.03194800019264221,0,0.030493974685668945,0.04296800121665001,0.9986109733581543,0,-8.515381813049316,6.717884063720703,-0.000003999999989900971,1
B12,mixamorig_LeftHandThumb2,11,0.9646379947662354,-0.2628900110721588,0.019058000296354294,0,0.2536590099334717,0.9455519914627075,0.2039330005645752,0,-0.07163199782371521,-0.1918870061635971,0.9787989854812622,0,-1.4929579496383667,8.547609329223633,0,1
B13,mixamorig_LeftHandThumb3,12,0.6578570008277893,0.7506359815597534,-0.061404999345541,0,-0.7505130171775818,0.6601849794387817,0.02976600080728531,0,0.06288202106952667,0.026503000408411026,0.997668981552124,0,-1.4054620265960693,7.1544270515441895,0,1
B14,mixamorig_LeftHandThumb4,13,1,0,0,0,0,1,0,0,0,0,1,0,2.8984200954437256,3.392927885055542,0,1
B15,mixamorig_LeftHandIndex1,10,0.9762371182441711,0.2162766009569168,-0.003510430920869112,0,-0.21457719802856445,0.9701344966888428,0.11105073243379593,0,0.02765217423439026,-0.10766491293907166,0.9936483502388,0,0,13.577214241027832,0.5602830052375793,1
B16,mixamorig_LeftHandIndex2,15,0.5358594059944153,-0.7612935900688171,-0.364967942237854,0,0.7185648679733276,0.6381902098655701,-0.2762143611907959,0,0.44326549768447876,-0.11425232887268066,0.8890687227249146,0,2.2062299251556396,12.900482177734375,0,1
B17,mixamorig_LeftHandIndex3,16,0.4457609951496124,0.7846009135246277,0.4308759868144989,0,-0.8394488096237183,0.5334821939468384,-0.10302877426147461,0,-0.31068071722984314,-0.3157508671283722,0.8964974284172058,0,-4.451869010925293,4.3507208824157715,0,1
B18,mixamorig_LeftHandIndex4,17,1,0,0,0,0,1,0,0,0,0,1,0,2.2456400394439697,9.471521377563477,0,1
B19,mixamorig_RightShoulder,3,0.5123080611228943,-0.021484926342964172,0.8585205674171448,0,-0.78831946849823,-0.40835481882095337,0.46019384264945984,0,0.34069177508354187,-0.9125697016716003,-0.2261459082365036,0,-24.5362548828125,33.98335266113281,-0.19894999265670776,1
B20,mixamorig_RightArm,19,0.948797881603241,-0.30895882844924927,-0.06462813168764114,0,0.2893856465816498,0.7696778774261475,0.5690585374832153,0,-0.126062273979187,-0.5585943460464478,0.8197271227836609,0,0,53.4140625,0,1
B21,mixamorig_RightForeArm,20,0.05847672373056412,-0.025572292506694794,-0.997961163520813,0,0.933448314666748,0.3556487262248993,0.045583248138427734,0,0.35375726222991943,-0.9342107772827148,0.04467099905014038,0,0,30.660648345947266,0,1
B22,mixamorig_RightHand,21,-0.719032883644104,0.6775877475738525,0.15436750650405884,0,0.6944993734359741,0.7081263065338135,0.12693431973457336,0,-0.023286616429686546,0.1984393149614334,-0.9797759056091309,0,0,68.91773986816406,0,1
B23,mixamorig_RightHandThumb1,22,0.9670249819755554,-0.2546809911727905,0.000526999996509403,0,0.25301098823547363,0.9609190225601196,0.11234000325202942,0,-0.029116999357938766,-0.10850202292203903,0.9936699867248535,0,7.955912113189697,7.447908878326416,0.000003999999989900971,1
B24,mixamorig_RightHandThumb2,23,0.9333919882774353,0.3575719892978668,-0.03036399930715561,0,-0.33991602063179016,0.9080780148506165,0.24464400112628937,0,0.11505100131034851,-0.2180279940366745,0.9691370129585266,0,1.5253829956054688,8.583980560302734,0,1
B25,mixamorig_RightHandThumb3,24,0.5583500266075134,-0.8286740183830261,0.03931000083684921,0,0.8295480012893677,0.558243989944458,-0.014643999747931957,0,-0.009809000417590141,0.040786001831293106,0.9991199970245361,0,1.5958019495010376,6.9337568283081055,0,1
B26,mixamorig_RightHandThumb4,25,1,0,0,0,0,1,0,0,0,0,1,0,-3.121185064315796,3.2040131092071533,0,1
B27,mixamorig_RightHandIndex1,22,0.9999744296073914,0.005739510990679264,-0.004196010529994965,0,-0.005399475805461407,0.9970210194587708,0.07691345363855362,0,0.004623011685907841,-0.07688824832439423,0.9970276355743408,0,0,13.920488357543945,0.3691070079803467,1
B28,mixamorig_RightHandIndex2,27,0.9693875312805176,-0.24304738640785217,-0.03486070781946182,0,0.24528507888317108,0.9650000929832458,0.09278900176286697,0,0.011087760329246521,-0.09849957376718521,0.9950751662254333,0,0.45480701327323914,12.687623977661133,0,1
B29,mixamorig_RightHandIndex3,28,0.9875040650367737,0.15638716518878937,0.01943718083202839,0,-0.15595301985740662,0.9875157475471497,-0.02214568480849266,0,-0.022658508270978928,0.018838005140423775,0.9995653629302979,0,-0.3694640100002289,2.378582000732422,0,1
B30,mixamorig_RightHandIndex4,29,1,0,0,0,0,1,0,0,0,0,1,0,-0.08534300327301025,8.266180992126465,0,1
B31,mixamorig_LeftUpLeg,0,-0.753128707408905,-0.517974317073822,0.40558457374572754,0,0.0030015287920832634,-0.6192041039466858,-0.7852166295051575,0,0.6578603386878967,-0.5901530981063843,0.4678961932659149,0,38.115814208984375,-15.883934020996094,1.0589330196380615,1
B32,mixamorig_LeftLeg,31,0.9936978220939636,-0.008027710020542145,0.11179503053426743,0,0.059551432728767395,0.8828036189079285,-0.46593835949897766,0,-0.09495631605386734,0.4696601629257202,0.8777194023132324,0,0,51.46419143676758,0,1
B33,mixamorig_LeftFoot,32,0.842937171459198,-0.5336803197860718,-0.06810815632343292,0,-0.10745850205421448,-0.2910497486591339,0.950652003288269,0,-0.5271697044372559,-0.794023871421814,-0.30268603563308716,0,0,24.117591857910156,0,1
B34,mixamorig_LeftToeBase,33,0.9901560544967651,-0.001573903951793909,0.13996046781539917,0,-0.07665073871612549,0.8305720686912537,0.5516099333763123,0,-0.11711550503969193,-0.5569080114364624,0.8222751617431641,0,0,23.923507690429688,0,1
B35,mixamorig_LeftToe_End,34,1,0,0,0,0,1,0,0,0,0,1,0,0,11.197216033935547,0,1
B36,mixamorig_RightUpLeg,0,-0.9997290968894958,-0.018127644434571266,0.014538003131747246,0,0.023210559040308,-0.8088344931602478,0.5875768065452576,0,0.001107195857912302,0.5877562165260315,0.8090370297431946,0,-38.115814208984375,-15.883934020996094,1.0718790292739868,1
B37,mixamorig_RightLeg,36,0.9965842366218567,0.05484984442591667,0.061704833060503006,0,0.010708589106798172,0.6552351713180542,-0.7553464770317078,0,-0.08186095207929611,0.7534281015396118,0.6524097919464111,0,0,51.46339797973633,0,1
B38,mixamorig_RightFoot,37,0.9994530081748962,0.007838308811187744,-0.03211013600230217,0,0.021241359412670135,0.5918608903884888,0.8057529926300049,0,0.02531822770833969,-0.8059937953948975,0.5913721919059753,0,0,24.117271423339844,0,1
B39,mixamorig_RightToeBase,38,0.9904313087463379,0.0016560424119234085,-0.13799430429935455,0,0.07758264243602753,0.82027667760849,0.5666779279708862,0,0.11413276940584183,-0.5719621777534485,0.8122996091842651,0,0,23.324888229370117,0,1
B40,mixamorig_RightToe_End,39,1,0,0,0,0,1,0,0,0,0,1,0,0,10.970039367675781,0,1
@34,0,1,2,3,4,5,7,8,9,10,11,12,13,15,16,17,19,20,21,22,23,24,25,27,28,29,31,32,33,34,36,37,38,39
K0.000,0.3957740068435669,-0.09937600046396255,0.9129549860954285,0,0.24109600484371185,0.9705010056495667,0.0011230000527575612,0,-0.8861349821090698,0.21966500580310822,0.4080579876899719,0,1.1854519844055176,85.09805297851562,-8.060121536254883,1,0.9769060015678406,-0.058483999222517014,0.2055090069770813,0,0.03348999843001366,0.9918339848518372,0.1230589970946312,0,-0.21102799475193024,-0.11333499848842621,0.9708870053291321,0,0,28.583595275878906,-1.358983039855957,1,0.9994810223579407,0.013116000220179558,0.029425999149680138,0,-0.014956999570131302,0.99788498878479,0.06325200200080872,0,-0.028534000739455223,-0.06365899741649628,0.9975640177726746,0,0,33.38517379760742,0,1,0.9995099902153015,0.012249999679625034,0.028804000467061996,0,-0.014065000228583813,0.997871994972229,0.06367000192403793,0,-0.027962999418377876,-0.06404399871826172,0.9975550174713135,0,0,38.15451431274414,0,1,0.9993849992752075,0.021188000217080116,0.027938000857830048,0,-0.026832999661564827,0.9750459790229797,0.2203740030527115,0,-0.022571999579668045,-0.22098800539970398,0.9750149846076965,0,0,42.923797607421875,0,1,0.9926720261573792,0.041738998144865036,0.11340100318193436,0,-0.033973000943660736,0.9969980120658875,-0.06957399845123291,0,-0.11596400290727615,0.06521099805831909,0.9911100268363953,0,0,15.823516845703125,53.12283706665039,1,0.1268550008535385,0.016009999439120293,-0.9917920231819153,0,0.9472579956054688,-0.2986080050468445,0.11633899807929993,0,-0.2942950129508972,-0.9542409777641296,-0.05304500088095665,0,24.5362548828125,34.00480651855469,-0.650164008140564,1,0.5044959783554077,0.8445950150489807,0.1792829930782318,0,-0.8463090062141418,0.44259700179100037,0.29642701148986816,0,0.17101000249385834,-0.30127501487731934,0.9380769729614258,0,0,53.4140625,0,1,0.011486000381410122,-0.06332000344991684,0.9979270100593567,0,-0.816798985004425,0.5750939846038818,0.04589200019836426,0,-0.576807975769043,-0.8156329989433289,-0.045113999396562576,0,0,30.705495834350586,0,1,-0.9623309969902039,0.17679600417613983,-0.20654599368572235,0,0.2646009922027588,0.7836229801177979,-0.562067985534668,0,0.062483999878168106,-0.5955479741096497,-0.8008859753608704,0,0,68.91097259521484,0,1,0.9540600180625916,0.296671986579895,-0.04189800098538399,0,-0.29805999994277954,0.9540119767189026,-0.03194800019264221,0,0.030494000762701035,0.04296800121665001,0.9986109733581543,0,-8.515381813049316,6.717884063720703,-0.000003999999989900971,1,0.9646379947662354,-0.2628900110721588,0.019058000296354294,0,0.2536590099334717,0.9455519914627075,0.2039330005645752,0,-0.07163199782371521,-0.1918870061635971,0.9787989854812622,0,-1.4929579496383667,8.547609329223633,0,1,0.6578570008277893,0.7506359815597534,-0.061404999345541,0,-0.7505130171775818,0.6601849794387817,0.02976600080728531,0,0.06288199871778488,0.026503000408411026,0.997668981552124,0,-1.4054620265960693,7.1544270515441895,0,1,0.9758769869804382,0.21830099821090698,-0.0029060000088065863,0,-0.21655799448490143,0.9696030020713806,0.11389400064945221,0,0.027681000530719757,-0.1105170026421547,0.9934890270233154,0,0,13.577214241027832,0.5602830052375793,1,0.536657989025116,-0.7603710293769836,-0.36583200097084045,0,0.7180520296096802,0.6392350196838379,-0.27528199553489685,0,0.4431689977645874,-0.11495400220155716,0.889037013053894,0,2.2062299251556396,12.900482177734375,0,1,0.4448080062866211,0.7850800156593323,0.4310390055179596,0,-0.8403649926185608,0.5322840213775635,-0.10227400064468384,0,-0.3097290098667145,-0.3167380094528198,0.8965179920196533,0,-4.451869010925293,4.3507208824157715,0,1,0.5116580128669739,-0.02152400091290474,0.8589199781417847,0,-0.7887679934501648,-0.4081380069255829,0.4596399962902069,0,0.3406650125980377,-0.9126669764518738,-0.22580400109291077,0,-24.5362548828125,33.98335266113281,-0.19894999265670776,1,0.9484090209007263,-0.3106110095977783,-0.063571996986866,0,0.29012900590896606,0.7693989872932434,0.5690780282020569,0,-0.12784899771213531,-0.5581629872322083,0.8198220133781433,0,0,53.4140625,0,1,0.05852099880576134,-0.025557000190019608,-0.9979590177536011,0,0.932889997959137,0.3572689890861511,0.045556001365184784,0,0.3553749918937683,-0.9336519837379456,0.04475000128149986,0,0,30.660648345947266,0,1,-0.7186070084571838,0.6782169938087463,0.15370899438858032,0,0.6950799822807312,0.7073730230331421,0.1284009963274002,0,-0.02164600044488907,0.1991090029478073,-0.9797379970550537,0,0,68.91773986816406,0,1,0.9670249819755554,-0.2546809911727905,0.000526999996509403,0,0.25301098823547363,0.9609190225601196,0.11234000325202942,0,-0.029116999357938766,-0.10850200057029724,0.9936699867248535,0,7.955912113189697,7.447908878326416,0.000003999999989900971,1,0.9333919882774353,0.3575719892978668,-0.03036399930715561,0,-0.3399159908294678,0.9080780148506165,0.24464400112628937,0,0.11505100131034851,-0.2180279940366745,0.9691370129585266,0,1.5253829956054688,8.583980560302734,0,1,0.5583500266075134,-0.8286740183830261,0.03931000083684921,0,0.8295480012893677,0.558243989944458,-0.014643999747931957,0,-0.009809000417590141,0.040786001831293106,0.9991199970245361,0,1.5958019495010376,6.9337568283081055,0,1,0.9999740123748779,0.005917000118643045,-0.004191999789327383,0,-0.005578000098466873,0.9970449805259705,0.07661899924278259,0,0.004633000120520592,-0.07659299671649933,0.997052013874054,0,0,13.920488357543945,0.3691070079803467,1,0.969406008720398,-0.24297800660133362,-0.03483400121331215,0,0.24521200358867645,0.9650310277938843,0.09266500174999237,0,0.011099999770522118,-0.09837199747562408,0.9950879812240601,0,0.45480701327323914,12.687623977661133,0,1,0.9874879717826843,0.1564899981021881,0.019437000155448914,0,-0.15605199337005615,0.9874969720840454,-0.022321000695228577,0,-0.022686999291181564,0.019008999690413475,0.9995620250701904,0,-0.3694640100002289,2.378582000732422,0,1,-0.7531599998474121,-0.5178850293159485,0.40564098954200745,0,0.0025579999200999737,-0.6189299821853638,-0.7854419946670532,0,0.6578320264816284,-0.5905259847640991,0.4674780070781708,0,38.115814208984375,-15.883934020996094,1.0589330196380615,1,0.9936839938163757,-0.008189000189304352,0.11191300302743912,0,0.05969800055027008,0.8830609917640686,-0.46544501185417175,0,-0.09501399844884872,0.469186007976532,0.8779730200767517,0,0,51.46419143676758,0,1,0.8428999781608582,-0.5337780117988586,-0.0678270012140274,0,-0.10766799747943878,-0.2908250093460083,0.950698971748352,0,-0.5271880030632019,-0.7940419912338257,-0.302606999874115,0,0,24.117591857910156,0,1,0.9901559948921204,-0.001576000009663403,0.13996100425720215,0,-0.07665099948644638,0.830564022064209,0.5516219735145569,0,-0.11711599677801132,-0.5569199919700623,0.8222669959068298,0,0,23.923507690429688,0,1,-0.9997249841690063,-0.018254000693559647,0.014728999696671963,0,0.02342499978840351,-0.8088139891624451,0.5875980257987976,0,0.0011869999580085278,0.5877810120582581,0.8090190291404724,0,-38.115814208984375,-15.883934020996094,1.0718790292739868,1,0.9966089725494385,0.054694999009370804,0.0614669993519783,0,0.010599000379443169,0.655489981174469,-0.7551299929618835,0,-0.08159299939870834,0.7532209753990173,0.6526880264282227,0,0,51.46339797973633,0,1,0.9994519948959351,0.008051999844610691,-0.03211500123143196,0,0.021108999848365784,0.5922899842262268,0.8054479956626892,0,0.02550699934363365,-0.805683970451355,0.5917959809303284,0,0,24.117271423339844,0,1,0.9904329776763916,0.0016120000509545207,-0.13798299431800842,0,0.07757700234651566,0.8204519748687744,0.566428005695343,0,0.11412200331687927,-0.5717139840126038,0.8124780058860779,0,0,23.324888229370117,0,1
K0.033,0.3702187240123749,-0.09446893632411957,0.9241291284561157,0,0.24486203491687775,0.9695580005645752,0.001017986680381,0,-0.8960921168327332,0.22590705752372742,0.38207972049713135,0,1.444438099861145,84.38568878173828,-8.181178092956543,1,0.9795539975166321,-0.06811603903770447,0.1892968863248825,0,0.04360003396868706,0.9904509782791138,0.13078610599040985,0,-0.19639790058135986,-0.11985910683870316,0.9731709957122803,0,0,28.583595275878906,-1.358983039855957,1,0.9992910027503967,0.024679020047187805,0.028435982763767242,0,-0.026341019198298454,0.997871994972229,0.05964796245098114,0,-0.02690398320555687,-0.06035396456718445,0.9978139996528625,0,0,33.38517379760742,0,1,0.9993330240249634,0.023970022797584534,0.02756798267364502,0,-0.02559802122414112,0.9978510141372681,0.060313962399959564,0,-0.0260629840195179,-0.060978963971138,0.9977989792823792,0,0,38.15451431274414,0,1,0.9996050000190735,0.012210003100335598,0.025326991453766823,0,-0.017702000215649605,0.973143994808197,0.22951601445674896,0,-0.021843990311026573,-0.22987401485443115,0.9729750156402588,0,0,42.923797607421875,0,1,0.9937189817428589,0.022556878626346588,0.1096029058098793,0,-0.015329889953136444,0.9976800084114075,-0.06633495539426804,0,-0.11084489524364471,0.06423796713352203,0.9917590022087097,0,0,15.823516845703125,53.12283706665039,1,0.13685615360736847,0.016801010817289352,-0.9904490113258362,0,0.9459459781646729,-0.299001008272171,0.12563413381576538,0,-0.2940340042114258,-0.954105019569397,-0.05681305751204491,0,24.5362548828125,34.00480651855469,-0.650164008140564,1,0.4306933283805847,0.9020561575889587,0.028234347701072693,0,-0.8871612548828125,0.41742363572120667,0.19673152267932892,0,0.1656772345304489,-0.10977918654680252,0.9800509810447693,0,0,53.4140625,0,1,0.0023079104721546173,-0.05573689565062523,0.9984430074691772,0,-0.7189766764640808,0.6938591599464417,0.04039492458105087,0,-0.695030152797699,-0.717950701713562,-0.03847193717956543,0,0,30.705495834350586,0,1,-0.9222276210784912,0.2674383521080017,-0.27923664450645447,0,0.35430002212524414,0.8736945390701294,-0.3333587348461151,0,0.15481431782245636,-0.40636610984802246,-0.9004992842674255,0,0,68.91097259521484,0,1,0.9540600180625916,0.296671986579895,-0.04189800098538399,0,-0.2980610132217407,0.9540119767189026,-0.03194800019264221,0,0.030494000762701035,0.04296899959445,0.9986109733581543,0,-8.515381813049316,6.717884063720703,-0.000003999999989900971,1,0.9646379947662354,-0.2628900110721588,0.019058000296354294,0,0.2536590099334717,0.9455519914627075,0.2039330005645752,0,-0.07163199782371521,-0.1918870061635971,0.9787989854812622,0,-1.4929579496383667,8.547609329223633,0,1,0.6578570008277893,0.750635027885437,-0.061404999345541,0,-0.7505130171775818,0.6601849794387817,0.02976600080728531,0,0.06288199871778488,0.026504000648856163,0.997668981552124,0,-1.4054620265960693,7.1544270515441895,0,1,0.9574468731880188,0.2873793840408325,0.026603199541568756,0,-0.28629738092422485,0.9340956807136536,0.2133045494556427,0,0.03644908219575882,-0.2118445634841919,0.9766238927841187,0,0,13.577214241027832,0.5602830052375793,1,0.5756562948226929,-0.7093985080718994,-0.40666133165359497,0,0.6893616914749146,0.68851238489151,-0.22523455321788788,0,0.43977296352386475,-0.15067830681800842,0.8853789567947388,0,2.2062299251556396,12.900482177734375,0,1,0.39918965101242065,0.8042911291122437,0.440186083316803,0,-0.8785112500190735,0.4729364812374115,-0.06743872165679932,0,-0.2624206244945526,-0.35978731513023376,0.8953710198402405,0,-4.451869010925293,4.3507208824157715,0,1,0.5020460486412048,-0.022718004882335663,0.8645419478416443,0,-0.7964779734611511,-0.40168297290802,0.4519660472869873,0,0.3370039761066437,-0.9154970049858093,-0.2197580188512802,0,-24.5362548828125,33.98335266113281,-0.19894999265670776,1,0.9329977631568909,-0.3427771031856537,-0.10962619632482529,0,0.34396877884864807,0.7597869634628296,0.5517334938049316,0,-0.10582898557186127,-0.5524740219116211,0.826784074306488,0,0,53.4140625,0,1,0.05936700478196144,-0.025217000395059586,-0.9979180097579956,0,0.9204729199409485,0.3882140815258026,0.0449489988386631,0,0.3862721025943756,-0.9212239384651184,0.046258002519607544,0,0,30.660648345947266,0,1,-0.6975578665733337,0.7067071199417114,0.11823084205389023,0,0.7144941091537476,0.673616886138916,0.18904606997966766,0,0.053958192467689514,0.2163459211587906,-0.9748250246047974,0,0,68.91773986816406,0,1,0.9670249819755554,-0.2546809911727905,0.000526999996509403,0,0.25301098823547363,0.9609190225601196,0.11234000325202942,0,-0.029116999357938766,-0.10850299894809723,0.9936699867248535,0,7.955912113189697,7.447908878326416,0.000003999999989900971,1,0.9333919882774353,0.357573002576828,-0.03036399930715561,0,-0.33991700410842896,0.9080780148506165,0.24464400112628937,0,0.11505100131034851,-0.2180279940366745,0.9691370129585266,0,1.5253829956054688,8.583980560302734,0,1,0.5583500266075134,-0.8286740183830261,0.03931000083684921,0,0.8295480012893677,0.558243989944458,-0.014643999747931957,0,-0.009809000417590141,0.040786001831293106,0.9991199970245361,0,1.5958019495010376,6.9337568283081055,0,1,0.9999250173568726,0.01154407300055027,-0.0041240002028644085,0,-0.011241073720157146,0.9976710081100464,0.06727588176727295,0,0.0048910025507211685,-0.067224882543087,0.9977260231971741,0,0,13.920488357543945,0.3691070079803467,1,0.9692839980125427,-0.2434379905462265,-0.0350089967250824,0,0.24569597840309143,0.9648290276527405,0.093485988676548,0,0.011020001955330372,-0.09921598434448242,0.9950050115585327,0,0.45480701327323914,12.687623977661133,0,1,0.9875959753990173,0.15581001341342926,0.019440000876784325,0,-0.15539801120758057,0.987625002861023,-0.021161021664738655,0,-0.02249700389802456,0.017877019941806793,0.9995869994163513,0,-0.3694640100002289,2.378582000732422,0,1,-0.745419979095459,-0.5201439261436462,0.41689205169677734,0,-0.023075265809893608,-0.6048969030380249,-0.79597008228302,0,0.6661949753761292,-0.6029521822929382,0.4388997554779053,0,38.115814208984375,-15.883934020996094,1.0589330196380615,1,0.9927639961242676,-0.0032599736005067825,0.12003505975008011,0,0.05781500041484833,0.8891130089759827,-0.45402097702026367,0,-0.10524407029151917,0.457675963640213,0.8828679919242859,0,0,51.46419143676758,0,1,0.840599000453949,-0.5374980568885803,-0.06699789315462112,0,-0.10778115689754486,-0.2871969938278198,0.9517880082130432,0,-0.5308259725570679,-0.7928519248962402,-0.2993490993976593,0,0,24.117591857910156,0,1,0.9901549816131592,-0.0015959982993081212,0.1399659961462021,0,-0.07665400207042694,0.8304870128631592,0.551738977432251,0,-0.11712100356817245,-0.5570359826087952,0.8221889734268188,0,0,23.923507690429688,0,1,-0.9995329976081848,-0.02929111383855343,0.008756025694310665,0,0.02867010422050953,-0.7986229062080383,0.6011492013931274,0,-0.010616056621074677,0.6011191606521606,0.7990888953208923,0,-38.115814208984375,-15.883934020996094,1.0718790292739868,1,0.9939789772033691,0.08050715178251266,0.07432014495134354,0,0.003227029927074909,0.656498908996582,-0.7543200850486755,0,-0.10951919853687286,0.7500190734863281,0.6522858738899231,0,0,51.46339797973633,0,1,0.9994739890098572,-0.008981086313724518,-0.031155992299318314,0,0.03014104627072811,0.6115751266479492,0.7906118631362915,0,0.011953933164477348,-0.7911359071731567,0.6115241050720215,0,0,24.117271423339844,0,1,0.9904490113258362,0.0011919982498511672,-0.13787299394607544,0,0.07752499729394913,0.8221070170402527,0.5640299916267395,0,0.1140189990401268,-0.5693320035934448,0.8141630291938782,0,0,23.324888229370117,0,1
K0.067,0.34443825483322144,-0.08799706399440765,0.9346758723258972,0,0.2483159750699997,0.9686790108680725,-0.0003079868038184941,0,-0.9053738713264465,0.23220093548297882,0.355501264333725,0,1.664361834526062,83.50639343261719,-8.309123992919922,1,0.9815729856491089,-0.07180996239185333,0.1770831197500229,0,0.04683196544647217,0.9888439774513245,0.14139989018440247,0,-0.1852611005306244,-0.1305008977651596,0.9739850163459778,0,0,28.583595275878906,-1.358983039855957,1,0.9992820024490356,0.026777978986501694,0.026803016662597656,0,-0.02824598178267479,0.9980319738388062,0.055986035615205765,0,-0.02525101602077484,-0.05670303851366043,0.9980720281600952,0,0,33.38517379760742,0,1,0.9993209838867188,0.02621997706592083,0.025879016146063805,0,-0.027653979137539864,0.9980090260505676,0.05669103562831879,0,-0.02434101700782776,-0.05736803635954857,0.9980559945106506,0,0,38.15451431274414,0,1,0.9996230006217957,0.012464997358620167,0.024473009631037712,0,-0.01779099926352501,0.9727299809455872,0.23125497996807098,0,-0.020923009142279625,-0.2316029816865921,0.9725850224494934,0,0,42.923797607421875,0,1,0.9949560165405273,0.010525119490921497,0.0997580960392952,0,-0.0043741087429225445,0.9980869889259338,-0.06167704612016678,0,-0.1002161055803299,0.0609300322830677,0.9930980205535889,0,0,15.823516845703125,53.12283706665039,1,0.15166285634040833,0.017992988228797913,-0.9882680177688599,0,0.9440230131149292,-0.2989650070667267,0.13942986726760864,0,-0.29294899106025696,-0.9540939927101135,-0.06232794374227524,0,24.5362548828125,34.00480651855469,-0.650164008140564,1,0.36259767413139343,0.9218457937240601,-0.13683536648750305,0,-0.9125787615776062,0.3809913694858551,0.14847548305988312,0,0.18900476396083832,0.0710362046957016,0.979403018951416,0,0,53.4140625,0,1,-0.006656911224126816,-0.045404102653265,0.998947024345398,0,-0.5856972932815552,0.80986088514328,0.03290707617998123,0,-0.8105018734931946,-0.5848613381385803,-0.03198406472802162,0,0,30.705495834350586,0,1,-0.8887813687324524,0.30328163504600525,-0.3436383605003357,0,0.35829198360443115,0.9273094534873962,-0.10827323794364929,0,0.28582167625427246,-0.21935386955738068,-0.9328396916389465,0,0,68.91097259521484,0,1,0.9540600180625916,0.296671986579895,-0.041898999363183975,0,-0.29805999994277954,0.9540119767189026,-0.03194800019264221,0,0.030494000762701035,0.04296899959445,0.9986109733581543,0,-8.515381813049316,6.717884063720703,-0.000003999999989900971,1,0.9646379947662354,-0.2628900110721588,0.019058000296354294,0,0.2536590099334717,0.9455519914627075,0.2039330005645752,0,-0.07163199782371521,-0.1918870061635971,0.9787989854812622,0,-1.4929579496383667,8.547609329223633,0,1,0.6578570008277893,0.750635027885437,-0.061404999345541,0,-0.7505130171775818,0.6601849794387817,0.02976600080728531,0,0.06288199871778488,0.026503000408411026,0.997668981552124,0,-1.4054620265960693,7.1544270515441895,0,1,0.9446861147880554,0.3246496319770813,0.04660080373287201,0,-0.32490962743759155,0.906967282295227,0.26803746819496155,0,0.04475291818380356,-0.2683524191379547,0.9622811079025269,0,0,13.577214241027832,0.5602830052375793,1,0.6075387001037598,-0.6621174812316895,-0.4387456774711609,0,0.6624512672424316,0.72714763879776,-0.18004144728183746,0,0.43824201822280884,-0.1812656968832016,0.8803900480270386,0,2.2062299251556396,12.900482177734375,0,1,0.3622693717479706,0.8170148730278015,0.4486069083213806,0,-0.9050527811050415,0.42339351773262024,-0.04022727161645889,0,-0.22280338406562805,-0.39143967628479004,0.8928229808807373,0,-4.451869010925293,4.3507208824157715,0,1,0.5075839161872864,-0.023334994912147522,0.8612860441207886,0,-0.7944139838218689,-0.399677038192749,0.4573449492454529,0,0.33356404304504395,-0.916359007358551,-0.2214069813489914,0,-24.5362548828125,33.98335266113281,-0.19894999265670776,1,0.907346248626709,-0.35235390067100525,-0.22928081452846527,0,0.42035624384880066,0.7541520595550537,0.5045344829559326,0,-0.004862003494054079,-0.5541669726371765,0.8323909640312195,0,0,53.4140625,0,1,0.05958499759435654,-0.025124000385403633,-0.9979069828987122,0,0.917072057723999,0.39619991183280945,0.04478299990296364,0,0.394244909286499,-0.9178210496902466,0.046647995710372925,0,0,30.660648345947266,0,1,-0.6857151389122009,0.7205908894538879,0.1026831567287445,0,0.7241618633270264,0.6611770987510681,0.19604793190956116,0,0.07337880879640579,0.20879307389259338,-0.9752029776573181,0,0,68.91773986816406,0,1,0.9670249819755554,-0.2546809911727905,0.000526999996509403,0,0.25301098823547363,0.9609190225601196,0.11234000325202942,0,-0.029116999357938766,-0.10850200057029724,0.9936699867248535,0,7.955912113189697,7.447908878326416,0.000003999999989900971,1,0.9333919882774353,0.3575719892978668,-0.03036399930715561,0,-0.3399159908294678,0.9080780148506165,0.24464400112628937,0,0.11505100131034851,-0.2180279940366745,0.9691370129585266,0,1.5253829956054688,8.583980560302734,0,1,0.5583500266075134,-0.8286740183830261,0.03931000083684921,0,0.8295480012893677,0.558243989944458,-0.014643999747931957,0,-0.009809000417590141,0.040786001831293106,0.9991199970245361,0,1.5958019495010376,6.9337568283081055,0,1,0.999813973903656,0.018821926787495613,-0.004112999886274338,0,-0.01856592670083046,0.998304009437561,0.05518411844968796,0,0.005144997499883175,-0.055098120123147964,0.9984679818153381,0,0,13.920488357543945,0.3691070079803467,1,0.9695119857788086,-0.24257801473140717,-0.03468100354075432,0,0.24479001760482788,0.9652060270309448,0.09195001423358917,0,0.01116899773478508,-0.09763701260089874,0.9951589703559875,0,0.45480701327323914,12.687623977661133,0,1,0.9873939752578735,0.15708298981189728,0.019433999434113503,0,-0.15662197768688202,0.9873830080032349,-0.02333097718656063,0,-0.022852996364235878,0.019992979243397713,0.9995390176773071,0,-0.3694640100002289,2.378582000732422,0,1,-0.7454410195350647,-0.514167070388794,0.4242059290409088,0,-0.04975573718547821,-0.5917021036148071,-0.8046189546585083,0,0.6647120118141174,-0.6209028363227844,0.41549623012542725,0,38.115814208984375,-15.883934020996094,1.0589330196380615,1,0.9920179843902588,-0.0006380261038430035,0.12609393894672394,0,0.057721998542547226,0.8913609981536865,-0.4496040344238281,0,-0.11210793256759644,0.453294038772583,0.8842830061912537,0,0,51.46419143676758,0,1,0.8378000259399414,-0.5430559515953064,-0.05640210583806038,0,-0.12304585427045822,-0.2884500026702881,0.9495559930801392,0,-0.5319309830665588,-0.7885980606079102,-0.30848389863967896,0,0,24.117591857910156,0,1,0.9901620149612427,-0.0014240017626434565,0.13992199301719666,0,-0.07663200050592422,0.8311489820480347,0.5507439970970154,0,-0.11708000302314758,-0.5560479760169983,0.822862982749939,0,0,23.923507690429688,0,1,-0.9991049766540527,-0.04072888568043709,0.01138797402381897,0,0.03904389590024948,-0.7848461270332336,0.6184598207473755,0,-0.016250943765044212,0.6183508038520813,0.7857341170310974,0,-38.115814208984375,-15.883934020996094,1.0718790292739868,1,0.9915050268173218,0.09505985677242279,0.08877886086702347,0,0.006221970077604055,0.6471050977706909,-0.7623749375343323,0,-0.12992079555988312,0.7564509510993958,0.6410171389579773,0,0,51.46339797973633,0,1,0.9993810057640076,-0.01760791428387165,-0.030454007908701897,0,0.03478395566344261,0.6238278746604919,0.7807881236076355,0,0.005250066518783569,-0.7813641428947449,0.6240538954734802,0,0,24.117271423339844,0,1,0.9904559850692749,0.0010160017991438508,-0.13782499730587006,0,0.07750199735164642,0.8228030204772949,0.5630170106887817,0,0.11397500336170197,-0.5683249831199646,0.8148720264434814,0,0,23.324888229370117,0,1
K0.100,0.32802700996398926,-0.08250600099563599,0.9410579800605774,0,0.250573992729187,0.968093991279602,-0.002466999925673008,0,-0.910830020904541,0.23661400377750397,0.3382349908351898,0,1.7888100147247314,82.77381896972656,-8.402409553527832,1,0.9823070168495178,-0.06639300286769867,0.17511099576950073,0,0.039788998663425446,0.9876899719238281,0.15128099918365479,0,-0.18299999833106995,-0.14163699746131897,0.9728569984436035,0,0,28.583595275878906,-1.358983039855957,1,0.9995790123939514,0.014823000878095627,0.024953000247478485,0,-0.016163000836968422,0.9983879923820496,0.0544000007212162,0,-0.024105999618768692,-0.05477999895811081,0.9982069730758667,0,0,33.38517379760742,0,1,0.9996020197868347,0.014340001158416271,0.02427699975669384,0,-0.015654999762773514,0.9983720183372498,0.05485200136899948,0,-0.02345000021159649,-0.05521100014448166,0.9981989860534668,0,0,38.15451431274414,0,1,0.9992190003395081,0.028270000591874123,0.027605999261140823,0,-0.0337660014629364,0.9737740159034729,0.22499600052833557,0,-0.020521000027656555,-0.22575299441814423,0.9739680290222168,0,0,42.923797607421875,0,1,0.9966250061988831,0.007079000119119883,0.08178599923849106,0,-0.0023089998867362738,0.9982979893684387,-0.05827999860048294,0,-0.08205900341272354,0.05789399892091751,0.9949449896812439,0,0,15.823516845703125,53.12283706665039,1,0.16781699657440186,0.01931999996304512,-0.9856290221214294,0,0.9418339729309082,-0.29845499992370605,0.1545110046863556,0,-0.2911809980869293,-0.9542279839515686,-0.06828200072050095,0,24.5362548828125,34.00480651855469,-0.650164008140564,1,0.2937749922275543,0.9169660210609436,-0.2699429988861084,0,-0.9193850159645081,0.34834200143814087,0.1827249974012375,0,0.261584997177124,0.19450199604034424,0.9453790187835693,0,0,53.4140625,0,1,-0.012655000202357769,-0.0356689989566803,0.999284029006958,0,-0.4601140022277832,0.8874840140342712,0.025851000100374222,0,-0.8877699971199036,-0.45945701003074646,-0.027643000707030296,0,0,30.705495834350586,0,1,-0.8611779808998108,0.24630500376224518,-0.44464099407196045,0,0.2801159918308258,0.9599059820175171,-0.01079600490629673,0,0.42415401339530945,-0.13384799659252167,-0.8956440091133118,0,0,68.91097259521484,0,1,0.9540600180625916,0.296671986579895,-0.04189800098538399,0,-0.29805999994277954,0.9540119767189026,-0.03194800019264221,0,0.030494000762701035,0.04296899959445,0.9986109733581543,0,-8.515381813049316,6.717884063720703,-0.000003999999989900971,1,0.9646379947662354,-0.2628900110721588,0.019058000296354294,0,0.2536590099334717,0.9455519914627075,0.2039330005645752,0,-0.07163199782371521,-0.1918870061635971,0.9787989854812622,0,-1.4929579496383667,8.547609329223633,0,1,0.6578570008277893,0.750635027885437,-0.061404999345541,0,-0.7505130171775818,0.6601849794387817,0.02976600080728531,0,0.06288199871778488,0.026504000648856163,0.997668981552124,0,-1.4054620265960693,7.1544270515441895,0,1,0.9444329738616943,0.32532599568367004,0.04699400067329407,0,-0.3256179988384247,0.9064170122146606,0.26903900504112244,0,0.04492900148034096,-0.2693920135498047,0.961982011795044,0,0,13.577214241027832,0.5602830052375793,1,0.6220009922981262,-0.6387720108032227,-0.45286300778388977,0,0.6490749716758728,0.7441160082817078,-0.15809400379657745,0,0.437967985868454,-0.1956070065498352,0.87745201587677,0,2.2062299251556396,12.900482177734375,0,1,0.3459460139274597,0.8218680024147034,0.45260798931121826,0,-0.9156020283699036,0.401077002286911,-0.02846500091254711,0,-0.20492500066757202,-0.40456101298332214,0.8912550210952759,0,-4.451869010925293,4.3507208824157715,0,1,0.520035982131958,-0.023507000878453255,0.8538209795951843,0,-0.7874060273170471,-0.4005559980869293,0.4685570001602173,0,0.3309890031814575,-0.9159709811210632,-0.22681300342082977,0,-24.5362548828125,33.98335266113281,-0.19894999265670776,1,0.8344359993934631,-0.37417900562286377,-0.40460699796676636,0,0.5288980007171631,0.7500320076942444,0.3971390128135681,0,0.1548669934272766,-0.5453829765319824,0.8237559795379639,0,0,53.4140625,0,1,0.05970799922943115,-0.02507000043988228,-0.9979010224342346,0,0.9151089787483215,0.40072301030158997,0.044686999171972275,0,0.3987619876861572,-0.9158560037612915,0.04686800017952919,0,0,30.660648345947266,0,1,-0.725521981716156,0.6743450164794922,0.13739000260829926,0,0.6869170069694519,0.7217720150947571,0.08479700982570648,0,-0.04198199510574341,0.15589700639247894,-0.9868810176849365,0,0,68.91773986816406,0,1,0.9670249819755554,-0.2546809911727905,0.000526999996509403,0,0.25301098823547363,0.9609190225601196,0.11234000325202942,0,-0.029116999357938766,-0.10850200057029724,0.9936699867248535,0,7.955912113189697,7.447908878326416,0.000003999999989900971,1,0.9333919882774353,0.3575719892978668,-0.03036399930715561,0,-0.3399159908294678,0.9080780148506165,0.24464400112628937,0,0.11505100131034851,-0.2180279940366745,0.9691370129585266,0,1.5253829956054688,8.583980560302734,0,1,0.5583500266075134,-0.8286740183830261,0.03931000083684921,0,0.8295469880104065,0.558243989944458,-0.014643999747931957,0,-0.009809000417590141,0.040786001831293106,0.9991199970245361,0,1.5958019495010376,6.9337568283081055,0,1,0.9996770024299622,0.025071000680327415,-0.004174999892711639,0,-0.024858999997377396,0.9986870288848877,0.04479299858212471,0,0.0052919997833669186,-0.04467400163412094,0.9989879727363586,0,0,13.920488357543945,0.3691070079803467,1,0.9704440236091614,-0.2390120029449463,-0.03333599865436554,0,0.2410389930009842,0.966733992099762,0.0855880007147789,0,0.011769999749958515,-0.0910940021276474,0.9957730174064636,0,0.45480701327323914,12.687623977661133,0,1,0.9865429997444153,0.16234800219535828,0.019377000629901886,0,-0.16167600452899933,0.9863150119781494,-0.03231099992990494,0,-0.02435700036585331,0.02874399907886982,0.9992899894714355,0,-0.3694640100002289,2.378582000732422,0,1,-0.7481579780578613,-0.5069959759712219,0.4280349910259247,0,-0.06722699850797653,-0.583856999874115,-0.8090680241584778,0,0.6601060032844543,-0.6340870261192322,0.40273401141166687,0,38.115814208984375,-15.883934020996094,1.0589330196380615,1,0.9913690090179443,0.0019489999394863844,0.1310880035161972,0,0.05855000019073486,0.8880540132522583,-0.45599499344825745,0,-0.11730200052261353,0.4597350060939789,0.8802750110626221,0,0,51.46419143676758,0,1,0.8347659707069397,-0.5482959747314453,-0.0503619983792305,0,-0.1373160034418106,-0.2958869934082031,0.9453020095825195,0,-0.5332069993019104,-0.7821900248527527,-0.322286993265152,0,0,24.117591857910156,0,1,0.9901710152626038,-0.001180000021122396,0.13985900580883026,0,-0.07660099864006042,0.8320800065994263,0.5493410229682922,0,-0.11702299863100052,-0.5546540021896362,0.8238109946250916,0,0,23.923507690429688,0,1,-0.9986680150032043,-0.04895700141787529,0.016286000609397888,0,0.04819900169968605,-0.7726340293884277,0.633018970489502,0,-0.018408000469207764,0.6329609751701355,0.7739650011062622,0,-38.115814208984375,-15.883934020996094,1.0718790292739868,1,0.9901480078697205,0.09840600192546844,0.09961599856615067,0,0.015468999743461609,0.6301860213279724,-0.7762899994850159,0,-0.13916799426078796,0.7701830267906189,0.6224550008773804,0,0,51.46339797973633,0,1,0.999347984790802,-0.019209999591112137,-0.030559999868273735,0,0.0358630008995533,0.6245949864387512,0.7801250219345093,0,0.004100999794900417,-0.7807130217552185,0.6248769760131836,0,0,24.117271423339844,0,1,0.9904569983482361,0.0009960000170394778,-0.13782000541687012,0,0.07749900221824646,0.8228800296783447,0.5629050135612488,0,0.11396999657154083,-0.5682139992713928,0.8149499893188477,0,0,23.324888229370117,0,1
