3.267,30,98,33
B0,mixamorig_Hips,-1,0.9992789030075073,-0.018166309222579002,0.03334260359406471,0,0.018258439376950264,0.9998297691345215,-0.0024578943848609924,0,-0.033292725682258606,0.0030657125171273947,0.9994405508041382,0,-1.5157229900360107,128.4747314453125,-5.485288143157959,1
B1,mixamorig_Spine,0,0.9997161626815796,-0.012970788404345512,-0.019975697621703148,0,0.01197822391986847,0.998725414276123,-0.049023035913705826,0,0.020586054772138596,0.0487695150077343,0.9985981583595276,0,0,18.011886596679688,-0.2885049879550934,1
B2,mixamorig_Spine1,1,0.9998910427093506,-0.0005270545952953398,-0.014755799435079098,0,-0.0000546726951142773,0.9992235898971558,-0.039392877370119095,0,0.014764799736440182,0.03938956558704376,0.9991146326065063,0,0,21.016550064086914,0,1
B3,mixamorig_Spine2,2,0.9999050498008728,-0.0009118363377638161,-0.013752320781350136,0,0.00036542423185892403,0.9992125630378723,-0.03968161717057228,0,0.013777635060250759,0.0396726168692112,0.9991176128387451,0,0,24.018903732299805,0,1
B4,mixamorig_Neck,3,0.9993315935134888,-0.005263563245534897,0.03616395592689514,0,0.008494812063872814,0.9959245324134827,-0.08978491276502609,0,-0.03554414585232735,0.09003183990716934,0.9953043460845947,0,0,27.02128791809082,0,1
B5,mixamorig_Head,4,0.977800726890564,0.08360209316015244,0.1921343207359314,0,-0.10153647512197495,0.9911541938781738,0.08545387536287308,0,-0.1832907348871231,-0.10306519269943237,0.9776402115821838,0,0,2.195281982421875,0.45747900009155273,1
B6,mixamorig_HeadTop_End,5,1,0,0,0,0,1,0,0,0,0,1,0,0,47.033050537109375,9.801308631896973,1
B7,mixamorig_LeftShoulder,3,-0.14570750296115875,-0.027765920385718346,-0.9889384508132935,0,0.9251946210861206,-0.3578703999519348,-0.12626782059669495,0,-0.35040581226348877,-0.9333582520484924,0.07783330231904984,0,23.316959381103516,14.994890213012695,-0.21919099986553192,1
B8,mixamorig_LeftArm,7,0.18968096375465393,0.8423566818237305,-0.5044344663619995,0,-0.28005900979042053,0.5388355255126953,0.7944919466972351,0,0.9410541653633118,-0.00943084992468357,0.33811748027801514,0,0,51.98578643798828,9.999999974752427e-7,1
B9,mixamorig_LeftForeArm,8,0.9530854821205139,0.30269917845726013,-0.0013547939015552402,0,-0.30268949270248413,0.9530764818191528,0.0048316181637346745,0,0.0027538908179849386,-0.0041946726851165295,0.999987006187439,0,0,16.75841522216797,0,1
B10,mixamorig_LeftHand,9,0.9030770063400269,-0.14108027517795563,0.4056447446346283,0,0.12670975923538208,0.9899864196777344,0.06221872195601463,0,-0.41036075353622437,-0.00478938827291131,0.9119104743003845,0,0,42.1645393371582,0,1
B11,mixamorig_LeftHandIndex1,10,-0.2618109881877899,0.35988301038742065,-0.8955109715461731,0,0.04158499836921692,0.9312199950218201,0.3620763123035431,0,0.9642230272293091,0.05755599960684776,-0.2587690055370331,0,0,10.959281921386719,0,1
B12,mixamorig_LeftHandIndex2,11,0.9002029895782471,0.4174500107765198,0.12397631257772446,0,-0.3574239909648895,0.5456590056419373,0.7579609751701355,0,0.24876199662685394,-0.7266309857368469,0.6404100060462952,0,0,8.361549377441406,0,1
B13,mixamorig_LeftHandIndex3,12,0.9727920293807983,-0.13593900203704834,0.18760499358177185,0,0.1312970072031021,0.9906520247459412,0.037011999636888504,0,-0.19088268280029297,-0.011373000219464302,0.9815469980239868,0,2.1815669536590576,4.6413140296936035,-6.226222991943359,1
B14,mixamorig_LeftHandIndex4,13,1,0,0,0,0,1,0,0,0,0,1,0,-0.3243910074234009,4.877899169921875,-6.917191982269287,1
B15,mixamorig_RightShoulder,3,0.08723798394203186,-0.05861958861351013,0.9944615364074707,0,-0.9305182099342346,-0.3612419068813324,0.06033490225672722,0,0.35570448637008667,-0.9306281805038452,-0.08606067299842834,0,-23.316959381103516,14.994039535522461,-0.16608799993991852,1
B16,mixamorig_RightArm,15,0.5396565198898315,-0.7669947147369385,-0.34711524844169617,0,0.8014965653419495,0.5942379236221313,-0.06696542352437973,0,0.25763067603111267,-0.24207371473312378,0.9354285001754761,0,0,51.98579025268555,-9.999999974752427e-7,1
B17,mixamorig_RightForeArm,16,0.7074037194252014,-0.7067748308181763,-0.006408363580703735,0,0.7067928314208984,0.7073140144348145,0.011894363909959793,0,-0.003874157788231969,-0.01294347271323204,0.9999086260795593,0,0,16.744169235229492,0,1
B18,mixamorig_RightHand,17,0.877410352230072,0.25987499952316284,-0.4032554030418396,0,-0.36038655042648315,0.9118745923042297,-0.19648399949073792,0,0.3166571259498596,0.3177253305912018,0.8937440514564514,0,0,42.18363952636719,0,1
B19,mixamorig_RightHandIndex1,18,0.999921977519989,-0.01246699970215559,0.0006859999848529696,0,0.012480000033974648,0.9961910247802734,-0.08630000054836273,0,0.000391999987186864,0.08630199730396271,0.9962689876556396,0,0,23.221323013305664,0,1
B20,mixamorig_RightHandIndex2,19,0.9989699721336365,0.0453529991209507,0.0014519999967887998,0,-0.04535900056362152,0.9989629983901978,0.003976999782025814,0,-0.0012700000079348683,-0.004038999788463116,0.9999909996986389,0,0,2.895601987838745,0,1
B21,mixamorig_RightHandIndex3,20,0.8420937061309814,0.5298510193824768,0.10067799687385559,0,-0.5392289757728577,0.823498010635376,0.17630499601364136,0,0.010506999678909779,-0.20275400578975677,0.9791730046272278,0,0.17344899475574493,4.728141784667969,0.26882898807525635,1
B22,mixamorig_RightHandIndex4,21,1,0,0,0,0,1,0,0,0,0,1,0,2.0236868858337402,2.9379711151123047,-0.4177730083465576,1
B23,mixamorig_LeftUpLeg,0,-0.9647379517555237,0.18297313153743744,0.1892108917236328,0,-0.14881065487861633,-0.9721013307571411,0.18131136894226074,0,0.2171066701412201,0.1467609405517578,0.9650512933731079,0,30.400243759155273,-9.987274169921875,3.7418429851531982,1
B24,mixamorig_LeftLeg,23,0.153037428855896,0.6191293001174927,0.7702318429946899,0,-0.7663121819496155,0.5664811134338379,-0.3030918538570404,0,-0.6239743828773499,-0.5438539385795593,0.5611391663551331,0,0,63.02519607543945,-9.999999974752427e-7,1
B25,mixamorig_LeftFoot,24,-0.08536378294229507,0.09133366495370865,-0.9921538829803467,0,0.9700654745101929,0.234835684299469,-0.061845649033784866,0,0.22734549641609192,-0.9677339196205139,-0.10864582657814026,0,0,53.52667999267578,-9.999999974752427e-7,1
B26,mixamorig_LeftToeBase,25,-0.9539480209350586,0,-0.2999710142612457,0,0.26276400685310364,0.4823780059814453,-0.8356239795684814,0,0.1446993201971054,-0.8759629726409912,-0.4601629972457886,0,0,15.7410306930542,0,1
B27,mixamorig_LeftToe_End,26,1,0,0,0,0,1,0,0,0,0,1,0,0,5.230976104736328,0,1
B28,mixamorig_RightUpLeg,0,-0.9001414775848389,-0.19851064682006836,-0.38773244619369507,0,0.15186479687690735,-0.9772886037826538,0.14778731763362885,0,-0.4082663059234619,0.07414563745260239,0.9098457098007202,0,-30.400243759155273,-9.987274169921875,1.4007409811019897,1
B29,mixamorig_RightLeg,28,0.03928413987159729,0.28886711597442627,0.9565619230270386,0,0.6796673536300659,0.6940096020698547,-0.23749323189258575,0,-0.7324669361114502,0.6594735980033875,-0.16907022893428802,0,0,62.5651741027832,0,1
B30,mixamorig_RightFoot,29,0.41227808594703674,0.10678532719612122,-0.904778003692627,0,0.9014685153961182,0.09589889645576477,0.4220876693725586,0,0.13184010982513428,-0.989646315574646,-0.05672648176550865,0,0,49.46456527709961,9.999999974752427e-7,1
B31,mixamorig_RightToeBase,30,0.9200839996337891,-0.3917199969291687,0,0,0.3913330137729645,0.9191759824752808,0.04443399980664253,0,-0.017405999824404716,-0.04088300094008446,0.9990119934082031,0,0,20.888347625732422,-9.999999974752427e-7,1
B32,mixamorig_RightToe_End,31,1,0,0,0,0,1,0,0,0,0,1,0,0,16.323564529418945,0,1
@28,0,1,2,3,4,5,7,8,9,10,11,12,13,15,16,17,18,19,20,21,23,24,25,26,28,29,30,31
K0.000,0.9934989809989929,-0.013426000252366066,0.11304699629545212,0,0.003994000144302845,0.99652099609375,0.08324900269508362,0,-0.1137709990143776,-0.08225700259208679,0.9900959730148315,0,0.0041069998405873775,128.53155517578125,-3.974123954772949,1,0.9998000264167786,0.011900000274181366,0.01607000082731247,0,-0.0114120002835989,0.9994810223579407,-0.03012000024318695,0,-0.016419999301433563,0.029930999502539635,0.9994170069694519,0,0,18.011886596679688,-0.2885049879550934,1,0.9998049736022949,0.01541799958795309,0.012311999686062336,0,-0.01511400006711483,0.9995869994163513,-0.024461999535560608,0,-0.012683999724686146,0.024271000176668167,0.999625027179718,0,0,21.016550064086914,0,1,0.9998080134391785,0.015773000195622444,0.011624000035226345,0,-0.015483999624848366,0.9995790123939514,-0.02452700026333332,0,-0.012005999684333801,0.02434300072491169,0.9996320009231567,0,0,24.018903732299805,0,1,0.9991139769554138,-0.03130999952554703,-0.02812900021672249,0,0.028529999777674675,0.9951320290565491,-0.09432800114154816,0,0.030945999547839165,0.09344100207090378,0.9951440095901489,0,0,27.02128791809082,0,1,0.994301974773407,-0.010187000036239624,-0.10610900074243546,0,0.004976999945938587,0.998773992061615,-0.04924200102686882,0,0.10648000240325928,0.048434000462293625,0.9931340217590332,0,0,2.195281982421875,0.45747900009155273,1,-0.20901800692081451,-0.032290998846292496,-0.9773790240287781,0,0.8730729818344116,-0.45638298988342285,-0.17163300514221191,0,-0.44051700830459595,-0.8891969919204712,0.12358500063419342,0,23.316959381103516,14.994890213012695,-0.21919099986553192,1,0.15101200342178345,0.7972689867019653,-0.5844299793243408,0,-0.32294899225234985,0.5985590219497681,0.7330970168113708,0,0.9342910051345825,0.07803399860858917,0.3478670120239258,0,0,51.98578643798828,0,1,0.9160770177841187,0.4010019898414612,-0.0007639999967068434,0,-0.40098899602890015,0.9160599708557129,0.006401000078767538,0,0.003266999963670969,-0.005557000171393156,0.9999790191650391,0,0,16.75841522216797,0,1,0.8849340081214905,-0.1665000021457672,0.4349370002746582,0,0.16429400444030762,0.9854750037193298,0.04297599941492081,0,-0.4357750117778778,0.03342700004577637,0.8994349837303162,0,0,42.1645393371582,0,1,-0.2618109881877899,0.35988301038742065,-0.8955109715461731,0,0.04158499836921692,0.9312210083007812,0.3620760142803192,0,0.9642230272293091,0.05755599960684776,-0.2587699890136719,0,0,10.959281921386719,0,1,0.9002029895782471,0.4174500107765198,0.12397599965333939,0,-0.3574239909648895,0.5456590056419373,0.7579609751701355,0,0.24876199662685394,-0.7266309857368469,0.6404100060462952,0,0,8.361549377441406,0,1,0.9727920293807983,-0.13594000041484833,0.18760499358177185,0,0.1312980055809021,0.9906520247459412,0.037011999636888504,0,-0.19088199734687805,-0.011373000219464302,0.9815469980239868,0,2.1815669536590576,4.6413140296936035,-6.226222991943359,1,0.10125699639320374,-0.06369999796152115,0.9928190112113953,0,-0.9227669835090637,-0.3789849877357483,0.06979700177907944,0,0.3718169927597046,-0.9232079982757568,-0.09715499728918076,0,-23.316959381103516,14.994039535522461,-0.16608799993991852,1,0.7068259716033936,-0.6642109751701355,0.24335500597953796,0,0.29658299684524536,0.5905809998512268,0.7505009770393372,0,-0.6422119736671448,-0.45829901099205017,0.6144319772720337,0,0,51.98579025268555,0,1,0.9303349852561951,-0.36670199036598206,-0.0026569999754428864,0,0.3667120039463043,0.9303140044212341,0.006171000190079212,0,0.00020900000527035445,-0.00671500014141202,0.9999769926071167,0,0,16.744169235229492,0,1,0.9787049889564514,0.08098600059747696,-0.18862000107765198,0,-0.028963999822735786,0.9641720056533813,0.2636910080909729,0,0.20321699976921082,-0.25261300802230835,0.9459859728813171,0,0,42.18363952636719,0,1,0.9992480278015137,0.038405001163482666,0.005348000209778547,0,-0.038444001227617264,0.9632470011711121,0.26585298776626587,0,0.005059000104665756,-0.265857994556427,0.9639989733695984,0,0,23.221323013305664,0,1,0.9985380172729492,0.05387900024652481,0.0044450000859797,0,-0.05405399948358536,0.996474027633667,0.06416700035333633,0,-0.0009720000089146197,-0.06431300193071365,0.9979289770126343,0,0,2.895601987838745,0,1,0.8396570086479187,0.5301910042762756,0.11778400093317032,0,-0.5430219769477844,0.8154879808425903,0.2002660036087036,0,0.010127999819815159,-0.2321150004863739,0.9726359844207764,0,0.17344899475574493,4.728141784667969,0.26882898807525635,1,-0.9522219896316528,0.21988700330257416,0.21195200085639954,0,-0.17085200548171997,-0.9587699770927429,0.2270900011062622,0,0.2531470060348511,0.1800280064344406,0.9505299925804138,0,30.400243759155273,-9.987274169921875,3.7418429851531982,1,0.12222599983215332,0.5819029808044434,0.8040210008621216,0,-0.7733460068702698,0.5635970234870911,-0.290336012840271,0,-0.6220909953117371,-0.5862990021705627,0.5188980102539062,0,0,63.02519607543945,0,1,-0.07393400371074677,0.08084899932146072,-0.9939799904823303,0,0.9706079959869385,0.23473399877548218,-0.0531029999256134,0,0.22902800142765045,-0.9686920046806335,-0.09582799673080444,0,0,53.52667999267578,0,1,-0.9539480209350586,0,-0.2999710142612457,0,0.26276400685310364,0.4823780059814453,-0.8356239795684814,0,0.14470000565052032,-0.8759629726409912,-0.4601629972457886,0,0,15.7410306930542,0,1,-0.912775993347168,-0.2204509973526001,-0.34386301040649414,0,0.13833899796009064,-0.9589440226554871,0.24756500124931335,0,-0.38432198762893677,0.17840099334716797,0.9057980179786682,0,-30.400243759155273,-9.987274169921875,1.4007409811019897,1,0.00010199999815085903,0.30687201023101807,0.9517509937286377,0,0.686905026435852,0.6916599869728088,-0.22308500111103058,0,-0.7267469763755798,0.6537860035896301,-0.21072199940681458,0,0,62.5651741027832,0,1,0.42547300457954407,0.11109200119972229,-0.898127019405365,0,0.8947020173072815,0.09744799882173538,0.43590399622917175,0,0.13594600558280945,-0.9890210032463074,-0.05793299898505211,0,0,49.46456527709961,0,1,0.9200839996337891,-0.3917199969291687,0,0,0.3913330137729645,0.9191759824752808,0.04443399980664253,0,-0.017405999824404716,-0.04088300094008446,0.9990119934082031,0,0,20.888347625732422,0,1
K0.033,0.9936959743499756,-0.013135997578501701,0.11133197695016861,0,0.003900999203324318,0.9965620040893555,0.08276399224996567,0,-0.11203597486019135,-0.08180799335241318,0.9903309941291809,0,0.009559052996337414,128.52735900878906,-4.176937580108643,1,0.9998080134391785,0.011782998219132423,0.015668995678424835,0,-0.011297998018562794,0.9994660019874573,-0.030654005706310272,0,-0.01602199673652649,0.03047100640833378,0.9994069933891296,0,0,18.011886596679688,-0.2885049879550934,1,0.9998080134391785,0.015495999716222286,0.011967997066676617,0,-0.015193999744951725,0.9995740056037903,-0.02493400312960148,0,-0.01234899740666151,0.024747004732489586,0.9996169805526733,0,0,21.016550064086914,0,1,0.9998109936714172,0.01584099978208542,0.011269996874034405,0,-0.015556000173091888,0.9995660185813904,-0.024998003616929054,0,-0.011660996824502945,0.02481800504028797,0.9996240139007568,0,0,24.018903732299805,0,1,0.9991289973258972,-0.032029010355472565,-0.02674097940325737,0,0.02946801297366619,0.9953939914703369,-0.09123097360134125,0,0.02953897975385189,0.09036297351121902,0.9954710006713867,0,0,27.02128791809082,0,1,0.9951779842376709,-0.00693895760923624,-0.09784088283777237,0,0.0025919675827026367,0.9990059733390808,-0.044492948800325394,0,0.09805288165807724,0.04402495175600052,0.9942070245742798,0,0,2.195281982421875,0.45747900009155273,1,-0.2082739919424057,-0.03216499835252762,-0.9775410294532776,0,0.8734350204467773,-0.45589300990104675,-0.17109200358390808,0,-0.44015198945999146,-0.8894529938697815,0.12304499000310898,0,23.316959381103516,14.994890213012695,-0.21919099986553192,1,0.15229400992393494,0.7978950142860413,-0.5832409858703613,0,-0.3207859694957733,0.5980820059776306,0.7344350218772888,0,0.934827983379364,0.07524596899747849,0.3470369875431061,0,0,51.98578643798828,0,1,0.9160559773445129,0.40105000138282776,-0.0007639999967068434,0,-0.4010370075702667,0.916038990020752,0.006401999853551388,0,0.003266999963670969,-0.005557999946177006,0.9999790191650391,0,0,16.75841522216797,0,1,0.8862159848213196,-0.16800200939178467,0.4317369759082794,0,0.1658010184764862,0.9852190017700195,0.043042998760938644,0,-0.4325869679450989,0.03343699872493744,0.9009720087051392,0,0,42.1645393371582,0,1,-0.2618109881877899,0.35988301038742065,-0.8955109715461731,0,0.04158499836921692,0.9312210083007812,0.3620760142803192,0,0.9642230272293091,0.05755599960684776,-0.2587690055370331,0,0,10.959281921386719,0,1,0.9002029895782471,0.4174500107765198,0.12397599965333939,0,-0.3574239909648895,0.5456579923629761,0.7579609751701355,0,0.24876199662685394,-0.7266309857368469,0.6404100060462952,0,0,8.361549377441406,0,1,0.9727920293807983,-0.13594000041484833,0.18760499358177185,0,0.1312970072031021,0.9906520247459412,0.037011999636888504,0,-0.19088299572467804,-0.011373000219464302,0.9815469980239868,0,2.1815669536590576,4.6413140296936035,-6.226222991943359,1,0.10110200196504593,-0.06364499777555466,0.9928380250930786,0,-0.9228410124778748,-0.37882399559020996,0.06968999654054642,0,0.3716759979724884,-0.9232779741287231,-0.09703399986028671,0,-23.316959381103516,14.994039535522461,-0.16608799993991852,1,0.7052919864654541,-0.6658459901809692,0.24333499372005463,0,0.29673299193382263,0.5890139937400818,0.7516729831695557,0,-0.6438260078430176,-0.45794400572776794,0.6130049824714661,0,0,51.98579025268555,0,1,0.9311270117759705,-0.36468395590782166,-0.0026439998764544725,0,0.3646939694881439,0.9311069846153259,0.00613699946552515,0,0.000224000119487755,-0.006677999626845121,0.9999780058860779,0,0,16.744169235229492,0,1,0.978896975517273,0.08375303447246552,-0.18640096485614777,0,-0.030727025121450424,0.9621090292930603,0.2709270715713501,0,0.20202898979187012,-0.2594820559024811,0.944379985332489,0,0,42.18363952636719,0,1,0.9992480278015137,0.038405001163482666,0.005348000209778547,0,-0.038444001227617264,0.9632470011711121,0.26585298776626587,0,0.005059000104665756,-0.2658590078353882,0.9639989733695984,0,0,23.221323013305664,0,1,0.9985380172729492,0.0538799986243248,0.0044450000859797,0,-0.05405399948358536,0.996474027633667,0.06416600197553635,0,-0.0009720000089146197,-0.06431300193071365,0.9979289770126343,0,0,2.895601987838745,0,1,0.8396570086479187,0.5301910042762756,0.11778400093317032,0,-0.5430219769477844,0.8154879808425903,0.2002670019865036,0,0.010127999819815159,-0.2321150004863739,0.9726359844207764,0,0.17344899475574493,4.728141784667969,0.26882898807525635,1,-0.9523429870605469,0.2205059975385666,0.2107589840888977,0,-0.17107799649238586,-0.9581689834594727,0.2294430136680603,0,0.2525370121002197,0.1824520081281662,0.9502300024032593,0,30.400243759155273,-9.987274169921875,3.7418429851531982,1,0.12208200246095657,0.5827890038490295,0.803400993347168,0,-0.773531973361969,0.5630519986152649,-0.290897011756897,0,-0.6218879818916321,-0.5859429836273193,0.5195440053939819,0,0,63.02519607543945,0,1,-0.07589401304721832,0.08094300329685211,-0.9938250184059143,0,0.9702510237693787,0.2357960045337677,-0.054889015853405,0,0.22989700734615326,-0.968425989151001,-0.09643001109361649,0,0,53.52667999267578,0,1,-0.9539480209350586,0,-0.2999710142612457,0,0.26276400685310364,0.4823780059814453,-0.8356239795684814,0,0.14469900727272034,-0.8759629726409912,-0.46016401052474976,0,0,15.7410306930542,0,1,-0.912227988243103,-0.2210959941148758,-0.34490203857421875,0,0.13817399740219116,-0.9585869908332825,0.2490379959344864,0,-0.38568001985549927,0.17952300608158112,0.9049990177154541,0,-30.400243759155273,-9.987274169921875,1.4007409811019897,1,0.000198999754502438,0.3077160120010376,0.9514780044555664,0,0.6875450015068054,0.6908659934997559,-0.22357599437236786,0,-0.7261409759521484,0.6542289853096008,-0.21143099665641785,0,0,62.5651741027832,0,1,0.42540600895881653,0.11139599978923798,-0.8981209993362427,0,0.8946080207824707,0.09822200238704681,0.4359239935874939,0,0.13677500188350677,-0.9889100193977356,-0.05787200480699539,0,0,49.46456527709961,0,1,0.9200839996337891,-0.3917199969291687,0,0,0.3913330137729645,0.9191759824752808,0.04443399980664253,0,-0.017405999824404716,-0.04088300094008446,0.9990119934082031,0,0,20.888347625732422,0,1
K0.067,0.9939169883728027,-0.01284000277519226,0.10937802493572235,0,0.003841000609099865,0.9966170191764832,0.08209101110696793,0,-0.11006202548742294,-0.08117200434207916,0.9906049966812134,0,0.014909947291016579,128.52020263671875,-4.310611724853516,1,0.9998149871826172,0.011588001623749733,0.015331003814935684,0,-0.011106002144515514,0.9994530081748962,-0.031144995242357254,0,-0.0156830046325922,0.03096899390220642,0.9993969798088074,0,0,18.011886596679688,-0.2885049879550934,1,0.9998120069503784,0.01548799965530634,0.011676003225147724,0,-0.015186999924480915,0.9995620250701904,-0.02539699710905552,0,-0.01206500269472599,0.025213995948433876,0.9996089935302734,0,0,21.016550064086914,0,1,0.9998149871826172,0.015824999660253525,0.010972002521157265,0,-0.015541000291705132,0.9995549917221069,-0.025460995733737946,0,-0.01137000322341919,0.0252859964966774,0.9996160268783569,0,0,24.018903732299805,0,1,0.9991459846496582,-0.03310398757457733,-0.024723021313548088,0,0.030811987817287445,0.9956480264663696,-0.08795703202486038,0,0.02752702124416828,0.08712002635002136,0.9958170056343079,0,0,27.02128791809082,0,1,0.9962970018386841,-0.0027260419446974993,-0.08593011647462845,0,-0.0006539677269756794,0.9992280006408691,-0.03928205370903015,0,0.08597111701965332,0.03919204697012901,0.9955260157585144,0,0,2.195281982421875,0.45747900009155273,1,-0.20741701126098633,-0.03203799948096275,-0.977728009223938,0,0.8739079833030701,-0.45521700382232666,-0.1704760044813156,0,-0.43961700797080994,-0.8898040056228638,0.12241800874471664,0,23.316959381103516,14.994890213012695,-0.21919099986553192,1,0.1536789834499359,0.798662006855011,-0.5818269848823547,0,-0.3185540437698364,0.597428023815155,0.7359369993209839,0,0.9353640079498291,0.0722450315952301,0.3462289869785309,0,0,51.98578643798828,0,1,0.9161490201950073,0.4008359909057617,-0.0007650000043213367,0,-0.40082401037216187,0.9161329865455627,0.006397999823093414,0,0.0032649999484419823,-0.005555000156164169,0.9999790191650391,0,0,16.75841522216797,0,1,0.8876320123672485,-0.16943298280239105,0.42825403809547424,0,0.16728298366069794,0.9849720001220703,0.04296899959445,0,-0.42909902334213257,0.03349899873137474,0.9026359915733337,0,0,42.1645393371582,0,1,-0.2618109881877899,0.35988301038742065,-0.8955109715461731,0,0.04158499836921692,0.9312199950218201,0.3620760142803192,0,0.9642230272293091,0.05755599960684776,-0.2587690055370331,0,0,10.959281921386719,0,1,0.9002029895782471,0.4174500107765198,0.12397599965333939,0,-0.3574239909648895,0.5456590056419373,0.7579609751701355,0,0.24876199662685394,-0.7266309857368469,0.6404100060462952,0,0,8.361549377441406,0,1,0.9727920293807983,-0.13593900203704834,0.18760499358177185,0,0.1312970072031021,0.9906520247459412,0.037011999636888504,0,-0.19088199734687805,-0.011373000219464302,0.9815469980239868,0,2.1815669536590576,4.6413140296936035,-6.226222991943359,1,0.10095100104808807,-0.06358499825000763,0.9928569793701172,0,-0.9227989912033081,-0.3789519965648651,0.0695590004324913,0,0.3718219995498657,-0.9232289791107178,-0.09693200141191483,0,-23.316959381103516,14.994039535522461,-0.16608799993991852,1,0.7042790055274963,-0.6669729948043823,0.24318300187587738,0,0.2966729998588562,0.5877119898796082,0.752714991569519,0,-0.6449620127677917,-0.45797500014305115,0.6117860078811646,0,0,51.98579025268555,0,1,0.9317989945411682,-0.36296501755714417,-0.0026320002507418394,0,0.36297401785850525,0.9317790269851685,0.006108000408858061,0,0.00023599989071954042,-0.006647000554949045,0.9999780058860779,0,0,16.744169235229492,0,1,0.9790239930152893,0.08717796206474304,-0.18415002524852753,0,-0.03321797400712967,0.9600399732589722,0.27788394689559937,0,0.20101702213287354,-0.2659379541873932,0.9427989721298218,0,0,42.18363952636719,0,1,0.9992480278015137,0.038405001163482666,0.005348000209778547,0,-0.038444001227617264,0.9632470011711121,0.26585298776626587,0,0.005059000104665756,-0.2658590078353882,0.9639989733695984,0,0,23.221323013305664,0,1,0.9985380172729492,0.0538799986243248,0.0044450000859797,0,-0.05405399948358536,0.996474027633667,0.06416600197553635,0,-0.0009720000089146197,-0.06431300193071365,0.9979289770126343,0,0,2.895601987838745,0,1,0.8396570086479187,0.5301910042762756,0.11778400093317032,0,-0.5430219769477844,0.8154879808425903,0.2002660036087036,0,0.010127999819815159,-0.2321150004863739,0.9726359844207764,0,0.17344899475574493,4.728141784667969,0.26882898807525635,1,-0.9524419903755188,0.22099800407886505,0.20979700982570648,0,-0.1713400036096573,-0.9577429890632629,0.23102198541164398,0,0.2519870102405548,0.18408799171447754,0.9500600099563599,0,30.400243759155273,-9.987274169921875,3.7418429851531982,1,0.12200900167226791,0.5835829973220825,0.802836000919342,0,-0.7736639976501465,0.5626140236854553,-0.29139000177383423,0,-0.621737003326416,-0.5855730175971985,0.5201410055160522,0,0,63.02519607543945,0,1,-0.07766398787498474,0.0812859982252121,-0.9936599731445312,0,0.970022976398468,0.23635900020599365,-0.05648198351264,0,0.23026999831199646,-0.9682599902153015,-0.0972059890627861,0,0,53.52667999267578,0,1,-0.9539480209350586,0,-0.2999710142612457,0,0.26276400685310364,0.4823780059814453,-0.8356239795684814,0,0.14469900727272034,-0.8759629726409912,-0.4601629972457886,0,0,15.7410306930542,0,1,-0.9115250110626221,-0.22138099372386932,-0.34657296538352966,0,0.13791599869728088,-0.9584959745407104,0.24952800571918488,0,-0.38742896914482117,0.17965300381183624,0.9042249917984009,0,-30.400243759155273,-9.987274169921875,1.4007409811019897,1,0.0001750002265907824,0.3081800043582916,0.9513279795646667,0,0.6882230043411255,0.6901500225067139,-0.22369900345802307,0,-0.7254989743232727,0.6547650098800659,-0.21197600662708282,0,0,62.5651741027832,0,1,0.42535001039505005,0.11176600307226181,-0.8981009721755981,0,0.8945770263671875,0.09845999628305435,0.43593400716781616,0,0.13714900612831116,-0.9888449907302856,-0.05810399726033211,0,0,49.46456527709961,0,1,0.9200839996337891,-0.3917199969291687,0,0,0.3913330137729645,0.9191759824752808,0.04443399980664253,0,-0.017405999824404716,-0.04088300094008446,0.9990119934082031,0,0,20.888347625732422,0,1
K0.100,0.9941809773445129,-0.012496000155806541,0.10699699819087982,0,0.003800000064074993,0.9966989755630493,0.0810920000076294,0,-0.10765700042247772,-0.08021300286054611,0.9909470081329346,0,0.018404999747872353,128.5133056640625,-4.429175853729248,1,0.9998229742050171,0.011276000179350376,0.015080999583005905,0,-0.010796000249683857,0.9994440078735352,-0.03154100105166435,0,-0.015428000129759312,0.03137199953198433,0.9993889927864075,0,0,18.011886596679688,-0.2885049879550934,1,0.9998170137405396,0.015344000421464443,0.011455999687314034,0,-0.015043999999761581,0.9995530247688293,-0.02582000009715557,0,-0.011846999637782574,0.02564300037920475,0.9996010065078735,0,0,21.016550064086914,0,1,0.9998189806938171,0.01567699946463108,0.010747999884188175,0,-0.015394999645650387,0.9995459914207458,-0.025884000584483147,0,-0.011149000376462936,0.025714000687003136,0.9996070265769958,0,0,24.018903732299805,0,1,0.9991610050201416,-0.034602999687194824,-0.02190599963068962,0,0.032639000564813614,0.9958930015563965,-0.0844539999961853,0,0.024738000705838203,0.08366800099611282,0.9961869716644287,0,0,27.02128791809082,0,1,0.9975860118865967,0.00268099969252944,-0.06938499957323074,0,-0.005030000116676092,0.9994189739227295,-0.033698998391628265,0,0.06925400346517563,0.033966001123189926,0.9970210194587708,0,0,2.195281982421875,0.45747900009155273,1,-0.20649200677871704,-0.03190600126981735,-0.9779279828071594,0,0.874439001083374,-0.4544439911842346,-0.16981300711631775,0,-0.43899598717689514,-0.8902029991149902,0.12173900008201599,0,23.316959381103516,14.994890213012695,-0.21919099986553192,1,0.15497300028800964,0.799472987651825,-0.5803679823875427,0,-0.3163459897041321,0.5966910123825073,0.7374860048294067,0,0.9358999729156494,0.06930699944496155,0.3453809916973114,0,0,51.98578643798828,0,1,0.9162999987602234,0.40049099922180176,-0.0007680000271648169,0,-0.4004789888858795,0.9162840247154236,0.006391999777406454,0,0.0032629999332129955,-0.005549999885261059,0.9999790191650391,0,0,16.75841522216797,0,1,0.8891339898109436,-0.17083700001239777,0.42456600069999695,0,0.1687610000371933,0.9847270250320435,0.04281200096011162,0,-0.42539501190185547,0.03358500078320503,0.9043840169906616,0,0,42.1645393371582,0,1,-0.2618109881877899,0.35988301038742065,-0.8955109715461731,0,0.04158499836921692,0.9312199950218201,0.3620760142803192,0,0.9642230272293091,0.05755599960684776,-0.2587690055370331,0,0,10.959281921386719,0,1,0.9002029895782471,0.4174500107765198,0.12397599965333939,0,-0.3574239909648895,0.5456579923629761,0.7579609751701355,0,0.24876199662685394,-0.7266309857368469,0.6404100060462952,0,0,8.361549377441406,0,1,0.9727920293807983,-0.13594000041484833,0.18760499358177185,0,0.1312980055809021,0.9906520247459412,0.037011999636888504,0,-0.19088299572467804,-0.011371999979019165,0.9815469980239868,0,2.1815669536590576,4.6413140296936035,-6.226222991943359,1,0.10081999748945236,-0.06352700293064117,0.992874026298523,0,-0.9226400256156921,-0.379364013671875,0.06941600143909454,0,0.3722510039806366,-0.9230639934539795,-0.09685999900102615,0,-23.316959381103516,14.994039535522461,-0.16608799993991852,1,0.7047669887542725,-0.6667940020561218,0.2422579973936081,0,0.2961939871311188,0.5868489742279053,0.7535759806632996,0,-0.6446499824523926,-0.45934000611305237,0.6110919713973999,0,0,51.98579025268555,0,1,0.9320700168609619,-0.36226698756217957,-0.0026279999874532223,0,0.36227700114250183,0.9320510029792786,0.00609700009226799,0,0.0002410000015515834,-0.006634999997913837,0.9999780058860779,0,0,16.744169235229492,0,1,0.9792050123214722,0.09178800135850906,-0.1809229999780655,0,-0.036981001496315,0.9576119780540466,0.2856769859790802,0,0.1994750052690506,-0.27304500341415405,0.9410930275917053,0,0,42.18363952636719,0,1,0.9992480278015137,0.038405001163482666,0.005348000209778547,0,-0.038444001227617264,0.9632470011711121,0.2658520042896271,0,0.005059000104665756,-0.265857994556427,0.9639989733695984,0,0,23.221323013305664,0,1,0.9985380172729492,0.05387900024652481,0.0044450000859797,0,-0.05405399948358536,0.996474027633667,0.06416600197553635,0,-0.0009720000089146197,-0.06431300193071365,0.9979289770126343,0,0,2.895601987838745,0,1,0.8396570086479187,0.5301910042762756,0.11778400093317032,0,-0.5430219769477844,0.8154879808425903,0.2002660036087036,0,0.010127999819815159,-0.2321150004863739,0.9726359844207764,0,0.17344899475574493,4.728141784667969,0.26882898807525635,1,-0.9525859951972961,0.22141000628471375,0.20870299637317657,0,-0.17166000604629517,-0.9574040174484253,0.23218700289726257,0,0.25122201442718506,0.18535199761390686,0.950016975402832,0,30.400243759155273,-9.987274169921875,3.7418429851531982,1,0.1219950020313263,0.5842940211296082,0.8023200035095215,0,-0.773734986782074,0.5622860193252563,-0.29183799028396606,0,-0.6216530203819275,-0.5851799845695496,0.520684003829956,0,0,63.02519607543945,0,1,-0.07954499870538712,0.08174599707126617,-0.993474006652832,0,0.9697999954223633,0.2368679940700531,-0.0581590011715889,0,0.23056800663471222,-0.9680969715118408,-0.09811899811029434,0,0,53.52667999267578,0,1,-0.9539480209350586,0,-0.2999710142612457,0,0.26276400685310364,0.4823780059814453,-0.8356239795684814,0,0.14469900727272034,-0.8759629726409912,-0.46016401052474976,0,0,15.7410306930542,0,1,-0.9106169939041138,-0.22142499685287476,-0.348922997713089,0,0.13750199973583221,-0.9585750102996826,0.24945500493049622,0,-0.38970500230789185,0.17917999625205994,0.9033409953117371,0,-30.400243759155273,-9.987274169921875,1.4007409811019897,1,0.00014899999951012433,0.3084940016269684,0.951225996017456,0,0.6888890266418457,0.6894810199737549,-0.22371500730514526,0,-0.7248669862747192,0.6553230285644531,-0.21241499483585358,0,0,62.5651741027832,0,1,0.42539799213409424,0.11208199709653854,-0.8980389833450317,0,0.8945369720458984,0.09842199832201004,0.436024010181427,0,0.13725799322128296,-0.9888129830360413,-0.058393001556396484,0,0,49.46456527709961,0,1,0.9200839996337891,-0.3917199969291687,0,0,0.3913330137729645,0.9191759824752808,0.04443399980664253,0,-0.017405999824404716,-0.04088300094008446,0.9990119934082031,0,0,20.888347625732422,0,1
K0.133,0.9945110082626343,-0.011990992352366447,0.10393796116113663,0,0.0037089979741722345,0.9968270063400269,0.07950598001480103,0,-0.10456196218729019,-0.07868397980928421,0.9914010167121887,0,0.01821294240653515,128.5087432861328,-4.533370018005371,1,0.9998300075531006,0.01082199439406395,0.014938998967409134,0,-0.01034399401396513,0.9994419813156128,-0.03175399824976921,0,-0.015274998731911182,0.03159499913454056,0.9993839859962463,0,0,18.011886596679688,-0.2885049879550934,1,0.9998229742050171,0.01500699482858181,0.011322999373078346,0,-0.014706994406878948,0.9995499849319458,-0.026151001453399658,0,-0.011709999293088913,0.02598000131547451,0.99959397315979,0,0,21.016550064086914,0,1,0.9998260140419006,0.015341994352638721,0.010617999359965324,0,-0.01505899429321289,0.9995430111885071,-0.02621600218117237,0,-0.011014998890459538,0.026052001863718033,0.9995999932289124,0,0,24.018903732299805,0,1,0.9991649985313416,-0.036619026213884354,-0.01810595393180847,0,0.03504602983593941,0.9961259961128235,-0.08064696192741394,0,0.020988954231142998,0.07994496077299118,0.9965779781341553,0,0,27.02128791809082,0,1,0.9988449811935425,0.009524079971015453,-0.04708772525191307,0,-0.010852070525288582,0.9995480179786682,-0.02802494540810585,0,0.04679972305893898,0.028502944856882095,0.9984980225563049,0,0,2.195281982421875,0.45747900009155273,1,-0.2056490033864975,-0.031762998551130295,-0.9781100153923035,0,0.8748559951782227,-0.4538710117340088,-0.16920100152492523,0,-0.43856099247932434,-0.8905010223388672,0.12112600356340408,0,23.316959381103516,14.994890213012695,-0.21919099986553192,1,0.15575599670410156,0.8000760078430176,-0.5793259739875793,0,-0.31438499689102173,0.5961380004882812,0.7387700080871582,0,0.9364299774169922,0.06706399470567703,0.34438401460647583,0,0,51.98578643798828,0,1,0.9163690209388733,0.4003340005874634,-0.0007689999183639884,0,-0.40032100677490234,0.9163529872894287,0.006390000227838755,0,0.0032629999332129955,-0.005547999870032072,0.9999790191650391,0,0,16.75841522216797,0,1,0.8905810117721558,-0.1722470074892044,0.4209459722042084,0,0.17022600769996643,0.9844800233840942,0.04269900172948837,0,-0.4217679798603058,0.033629000186920166,0.9060800075531006,0,0,42.1645393371582,0,1,-0.2618109881877899,0.35988301038742065,-0.8955109715461731,0,0.04158499836921692,0.9312199950218201,0.3620760142803192,0,0.9642230272293091,0.05755599960684776,-0.2587690055370331,0,0,10.959281921386719,0,1,0.9002029895782471,0.4174500107765198,0.12397699803113937,0,-0.3574239909648895,0.5456590056419373,0.7579609751701355,0,0.24876199662685394,-0.7266309857368469,0.6404100060462952,0,0,8.361549377441406,0,1,0.9727920293807983,-0.13594000041484833,0.18760499358177185,0,0.1312980055809021,0.9906520247459412,0.037011999636888504,0,-0.19088299572467804,-0.011373000219464302,0.9815469980239868,0,2.1815669536590576,4.6413140296936035,-6.226222991943359,1,0.10075800120830536,-0.06349500268697739,0.992883026599884,0,-0.922452986240387,-0.37983599305152893,0.06932000070810318,0,0.3727310001850128,-0.922872006893158,-0.09684299677610397,0,-23.316959381103516,14.994039535522461,-0.16608799993991852,1,0.7085340619087219,-0.6637909412384033,0.2395009547472,0,0.294795960187912,0.5867800116539001,0.754177987575531,0,-0.641150951385498,-0.46375709772109985,0.6114370226860046,0,0,51.98579025268555,0,1,0.931192934513092,-0.36451709270477295,-0.0026420007925480604,0,0.36452609300613403,0.9311729669570923,0.006134001538157463,0,0.00022499931219499558,-0.006675001699477434,0.9999780058860779,0,0,16.744169235229492,0,1,0.9795740246772766,0.09805506467819214,-0.17555394768714905,0,-0.042478058487176895,0.9542509317398071,0.29597312211990356,0,0.19654397666454315,-0.28247010707855225,0.93892502784729,0,0,42.18363952636719,0,1,0.9992480278015137,0.03840399906039238,0.005348000209778547,0,-0.038444001227617264,0.9632470011711121,0.26585298776626587,0,0.005059000104665756,-0.2658590078353882,0.9639989733695984,0,0,23.221323013305664,0,1,0.9985380172729492,0.0538799986243248,0.0044450000859797,0,-0.05405399948358536,0.996474027633667,0.06416600197553635,0,-0.0009730000165291131,-0.06431300193071365,0.9979289770126343,0,0,2.895601987838745,0,1,0.8396570086479187,0.5301910042762756,0.11778400093317032,0,-0.5430219769477844,0.8154879808425903,0.2002660036087036,0,0.010127999819815159,-0.2321140021085739,0.9726359844207764,0,0.17344899475574493,4.728141784667969,0.26882898807525635,1,-0.9528340101242065,0.22174899280071259,0.20720598101615906,0,-0.17217300832271576,-0.957198977470398,0.2326509952545166,0,0.24992698431015015,0.1860020011663437,0.9502310156822205,0,30.400243759155273,-9.987274169921875,3.7418429851531982,1,0.12212300300598145,0.5848580002784729,0.8018900156021118,0,-0.773684024810791,0.562171995639801,-0.2921920120716095,0,-0.6216909885406494,-0.5847259759902954,0.5211489796638489,0,0,63.02519607543945,0,1,-0.08159202337265015,0.08227700740098953,-0.9932640194892883,0,0.9695199728012085,0.23756201565265656,-0.05996301770210266,0,0.23102900385856628,-0.9678810238838196,-0.09915301203727722,0,0,53.52667999267578,0,1,-0.9539480209350586,0,-0.2999710142612457,0,0.26276400685310364,0.4823780059814453,-0.8356239795684814,0,0.14469900727272034,-0.8759629726409912,-0.46016401052474976,0,0,15.7410306930542,0,1,-0.9094899892807007,-0.22099699079990387,-0.3521190285682678,0,0.13676898181438446,-0.9589089751243591,0.24856998026371002,0,-0.39258402585983276,0.17791298031806946,0.9023439884185791,0,-30.400243759155273,-9.987274169921875,1.4007409811019897,1,0.00022900309704709798,0.30883899331092834,0.9511139988899231,0,0.6895059943199158,0.6888250112533569,-0.2238360047340393,0,-0.7242799997329712,0.6558499932289124,-0.21278800070285797,0,0,62.5651741027832,0,1,0.4254089891910553,0.11229600012302399,-0.8980069756507874,0,0.8945770263671875,0.09799199551343918,0.43603798747062683,0,0.13696298003196716,-0.9888309836387634,-0.05877000838518143,0,0,49.46456527709961,0,1,0.9200839996337891,-0.3917199969291687,0,0,0.3913330137729645,0.9191759824752808,0.04443399980664253,0,-0.017405999824404716,-0.04088300094008446,0.9990119934082031,0,0,20.888347625732422,0,1
