0.700,30,20,65
B0,mixamorig_Hips,-1,0.9977121949195862,-0.04969675466418266,-0.04251993075013161,0,0.054045118391513824,0.9926548600196838,0.10768517106771469,0,0.03684393689036369,-0.10989276319742203,0.993172287940979,0,-0.25949475169181824,136.56588745117188,1.8669919967651367,1
B1,mixamorig_Spine,0,0.9982562065124512,0.034523312002420425,0.04679611697793007,0,-0.035329025238752365,0.9992232322692871,0.017053445801138878,0,-0.04616536945104599,-0.01865267939865589,0.9987074732780457,0,0,14.052734375,-0.9930750131607056,1
B2,mixamorig_Spine1,1,0.9934064745903015,0.051425181329250336,0.09995169192552567,0,-0.06809639930725098,0.9826298356056213,0.17253515124320984,0,-0.08934091776609421,-0.17819495499134064,0.979654848575592,0,0,16.43573760986328,0,1
B3,mixamorig_Spine2,2,0.9934064745903015,0.051425181329250336,0.09995169192552567,0,-0.06809639930725098,0.9826298356056213,0.17253515124320984,0,-0.08934091776609421,-0.17819495499134064,0.979654848575592,0,0,18.78371238708496,0,1
B4,mixamorig_Neck,3,0.9969966411590576,-0.05571644753217697,-0.05017540976405144,0,0.05106807500123978,0.9945312738418579,-0.09094814956188202,0,0.05495121330022812,0.08803942054510117,0.9944131374359131,0,0,21.131654739379883,-9.999999974752427e-7,1
B5,mixamorig_Head,4,0.994490385055542,-0.06916595995426178,-0.06783446669578552,0,0.05140596628189087,0.9680123329162598,-0.24430029094219208,0,0.08290965855121613,0.24004226922988892,0.9662971496582031,0,0,8.71087646484375,0.649304986000061,1
B6,mixamorig_HeadTop_End,5,1,0,0,0,0,1,0,0,0,0,1,0,0,41.812957763671875,3.1167209148406982,1
B7,mixamorig_LeftShoulder,3,0.04114998131990433,0.02079792134463787,-0.9989045858383179,0,0.925159215927124,-0.378269225358963,0.030224034562706947,0,-0.37722861766815186,-0.9254496097564697,-0.03484300896525383,0,8.001996040344238,18.918903350830078,-0.3112339973449707,1
B8,mixamorig_LeftArm,7,0.9530688524246216,-0.2741777002811432,-0.11611694097518921,0,0.2690071165561676,0.6241880059242249,0.7316319942474365,0,-0.12939436733722687,-0.7308781147003174,0.6696549654006958,0,0,16.365602493286133,0,1
B9,mixamorig_LeftForeArm,8,-0.4097622334957123,0.883286714553833,0.22403673827648163,0,-0.8796668648719788,-0.4474520981311798,0.1547430008649826,0,0.23743735253810883,-0.13467814028263092,0.961821973323822,0,0,40.218624114990234,0,1
B10,mixamorig_LeftHand,9,0.921808660030365,0.3435951769351959,-0.17921964824199677,0,-0.34567269682884216,0.9380951523780823,0.02086908556520939,0,0.17532582581043243,0.042695529758930206,0.9835209846496582,0,0,34.10688018798828,0,1
B11,mixamorig_LeftHandThumb1,10,0.757830023765564,0.6368924975395203,0.14164100587368011,0,-0.6093840003013611,0.6133584976196289,0.5024369955062866,0,0.23312151432037354,-0.467074990272522,0.8529329895973206,0,-3.4304990768432617,6.394920825958252,2.3557169437408447,1
B12,mixamorig_LeftHandThumb2,11,0.9584890007972717,-0.285057008266449,0.006364000029861927,0,0.2851180136203766,0.9584019780158997,-0.013187519274652004,0,-0.0023399998899549246,0.014454519376158714,0.9998930096626282,0,0.05008799955248833,6.103577136993408,0,1
B13,mixamorig_LeftHandThumb3,12,0.9995419979095459,0.0302559994161129,-0.0004140000091865659,0,-0.0302559994161129,0.9995419979095459,0.000004999999873689376,0,0.0004140000091865659,0.000007480356089217821,1,0,-0.10409499704837799,5.582764148712158,0,1
B14,mixamorig_LeftHandThumb4,13,1,0,0,0,0,1,0,0,0,0,1,0,0.05400799959897995,4.648556232452393,0,1
B15,mixamorig_LeftHandIndex1,10,0.9858192801475525,0.1532571017742157,0.06835579872131348,0,-0.09651520848274231,0.1846001148223877,0.9780487418174744,0,0.13727711141109467,-0.9707760214805603,0.19677381217479706,0,-5.124423027038574,21.986095428466797,0.145673006772995,1
B16,mixamorig_LeftHandIndex2,15,0.9933068156242371,0.061357419937849045,0.09785637259483337,0,-0.10096623748540878,0.04982924833893776,0.9936265349388123,0,0.05609377473592758,-0.9968569874763489,0.05569116771221161,0,-0.00002099999983329326,3.5268421173095703,0,1
B17,mixamorig_LeftHandIndex3,16,1,-0.00033400001120753586,0.000003999999989900971,0,0.00033400001120753586,1,0,0,-0.000003999999989900971,0,1,0,0.000547999981790781,3.572993040084839,0,1
B18,mixamorig_LeftHandIndex4,17,1,0,0,0,0,1,0,0,0,0,1,0,-0.000526999996509403,2.572927951812744,0,1
B19,mixamorig_LeftHandMiddle1,10,0.98995441198349,0.12049990147352219,0.07395967096090317,0,-0.08910749107599258,0.12561091780662537,0.9880548119544983,0,0.1097727119922638,-0.9847193360328674,0.1350865662097931,0,-1.5863289833068848,22.938554763793945,-0.07304000109434128,1
B20,mixamorig_LeftHandMiddle2,19,0.9936063289642334,0.08018797636032104,0.07947371155023575,0,-0.09133607149124146,0.15717464685440063,0.9833235740661621,0,0.06636182218790054,-0.9842953085899353,0.16349384188652039,0,-0.00027200000477023423,4.065708160400391,0,1
B21,mixamorig_LeftHandMiddle3,20,1,-0.0002410000015515834,-0.0000019999999949504854,0,0.0002410000015515834,1,0,0,0.0000019999999949504854,0,1,0,0.0005280000041238964,3.6918890476226807,0,1
B22,mixamorig_LeftHandMiddle4,21,1,0,0,0,0,1,0,0,0,0,1,0,-0.0002570000069681555,2.829813003540039,0,1
B23,mixamorig_LeftHandRing1,10,0.9983366131782532,-0.022435171529650688,0.05311490222811699,0,-0.051743440330028534,0.057780180126428604,0.9969732761383057,0,-0.02543438784778118,-0.998062789440155,0.05652318149805069,0,1.990501046180725,23.168066024780273,-0.4378890097141266,1
B24,mixamorig_LeftHandRing2,23,0.997048020362854,0.06294333934783936,0.04396066442131996,0,-0.05073884502053261,0.11050346493721008,0.9925649762153625,0,0.057619232684373856,-0.9918656349182129,0.11337146908044815,0,0.0013989999424666166,3.1800289154052734,0,1
B25,mixamorig_LeftHandRing3,24,1,-0.0004444803635124117,-0.000056999993830686435,0,0.0004444803635124117,1,0,0,0.000056999993830686435,0,1,0,-0.00029799999902024865,3.3116979598999023,0,1
B26,mixamorig_LeftHandRing4,25,1,0,0,0,0,1,0,0,0,0,1,0,-0.0010999999940395355,2.0557870864868164,0,1
B27,mixamorig_LeftHandPinky1,10,0.9899964332580566,-0.13406972587108612,0.043962351977825165,0,-0.04976092651486397,-0.040213700383901596,0.9979367852210999,0,-0.1320241242647171,-0.9901415705680847,-0.0464828684926033,0,4.720250129699707,21.891002655029297,0.167930006980896,1
B28,mixamorig_LeftHandPinky2,27,0.9952635169029236,0.09585312008857727,0.016195151954889297,0,-0.010968669317662716,-0.0548018179833889,0.9984224438667297,0,0.09658968448638916,-0.9938712120056152,-0.05349103361368179,0,-0.0004769999941345304,2.2031569480895996,0,1
B29,mixamorig_LeftHandPinky3,28,0.9999989867210388,0.001069999998435378,0.00004951964729116298,0,-0.001069999998435378,0.9999989867210388,0,0,-0.00004951964729116298,0,1,0,-0.0004920000210404396,1.86707603931427,0,1
B30,mixamorig_LeftHandPinky4,29,1,0,0,0,0,1,0,0,0,0,1,0,0.0009679999784566462,1.2460689544677734,0,1
B31,mixamorig_RightShoulder,3,-0.003884414676576853,-0.010274278931319714,0.9998499751091003,0,-0.9438136219978333,-0.3295019567012787,-0.007134768180549145,0,0.3295329511165619,-0.9438683986663818,-0.008683871477842331,0,-8.001996040344238,18.897123336791992,-0.003046999918296933,1
B32,mixamorig_RightArm,31,0.8336811661720276,0.47154501080513,0.2771621346473694,0,-0.5415748357772827,0.6407285332679749,0.5385434627532959,0,0.07536378502845764,-0.6029735207557678,0.7939457893371582,0,0,16.3656005859375,0,1
B33,mixamorig_RightForeArm,32,0.06717130541801453,-0.9944995641708374,-0.07708556205034256,0,0.9689772129058838,0.04706522449851036,0.24168135225772858,0,-0.2365492582321167,-0.09072162210941315,0.9670127630233765,0,0,40.2408561706543,0,1
B34,mixamorig_RightHand,33,0.992114245891571,-0.09457551687955856,0.07461049407720566,0,0.08420863002538681,0.9862051606178284,0.14024212956428528,0,-0.08714413642883301,-0.133215993642807,0.9864499568939209,0,0,34.11394119262695,0,1
B35,mixamorig_RightHandThumb1,34,0.8443906307220459,-0.5315824747085571,-0.06639456003904343,0,0.4741372764110565,0.6838838458061218,0.554509162902832,0,-0.2493637353181839,-0.4997076988220215,0.8295232653617859,0,3.4725589752197266,6.503436088562012,2.6446518898010254,1
B36,mixamorig_RightHandThumb2,35,0.961495041847229,0.27371275424957275,-0.014636305160820484,0,-0.2739293873310089,0.961417019367218,-0.015667464584112167,0,0.009795009158551693,0.019083760678768158,0.9997698068618774,0,0.20625600218772888,6.262588977813721,0,1
B37,mixamorig_RightHandThumb3,36,0.9929869771003723,-0.11822299659252167,0.00023799999326001853,0,0.11822299659252167,0.9929869771003723,0.00002100000529026147,0,-0.00023899998632259667,0.000007000000096013537,1,0,0.16963399946689606,5.428116798400879,0,1
B38,mixamorig_RightHandThumb4,37,1,0,0,0,0,1,0,0,0,0,1,0,-0.37588900327682495,4.29663610458374,0,1
B39,mixamorig_RightHandIndex1,34,0.9920777678489685,-0.1068122461438179,0.06601552665233612,0,-0.021502483636140823,0.37387412786483765,0.9269360899925232,0,-0.12373870611190796,-0.9210085272789001,0.36862021684646606,0,5.090911865234375,21.570802688598633,-0.029138000681996346,1
B40,mixamorig_RightHandIndex2,39,0.9957268834114075,-0.0432441346347332,-0.08156566321849823,0,0.08334110677242279,0.04154026508331299,0.9953754544258118,0,-0.039706435054540634,-0.9979227185249329,0.0449712797999382,0,-0.000028000000384054147,3.7846291065216064,0,1
B41,mixamorig_RightHandIndex3,40,1,0,0,0,0,1,0,0,0,0,1,0,0.000039999998989515007,3.663832902908325,0,1
B42,mixamorig_RightHandIndex4,41,1,0,0,0,0,1,0,0,0,0,1,0,-0.000012000000424450263,2.856606960296631,0,1
B43,mixamorig_RightHandMiddle1,34,0.9946812391281128,-0.09862817078828812,-0.029620271176099777,0,0.05642714351415634,0.28176307678222656,0.9575340151786804,0,-0.08613266050815582,-0.9541105628013611,0.28583356738090515,0,1.7376790046691895,22.911474227905273,-0.07990100234746933,1
B44,mixamorig_RightHandMiddle2,43,0.9954281449317932,-0.06644076108932495,-0.06859112530946732,0,0.07784833759069443,0.14894740283489227,0.9854945540428162,0,-0.05530492588877678,-0.9863290190696716,0.1534426510334015,0,0.00004600000102072954,4.017561912536621,0,1
B45,mixamorig_RightHandMiddle3,44,1,0.00002700000004551839,0.0000019999999949504854,0,-0.00002700000004551839,1,0,0,-0.0000019999999949504854,0,1,0,-0.00009600000339560211,3.6927289962768555,0,1
B46,mixamorig_RightHandMiddle4,45,1,0,0,0,0,1,0,0,0,0,1,0,0.000048999998398358,2.9450631141662598,0,1
B47,mixamorig_RightHandRing1,34,0.998613178730011,-0.015912458300590515,-0.050144292414188385,0,0.05199844762682915,0.1555238515138626,0.986181378364563,0,-0.007943803444504738,-0.9874240159988403,0.1561392992734909,0,-2.0424020290374756,22.845932006835938,-0.27081298828125,1
B48,mixamorig_RightHandRing2,47,0.9929302930831909,-0.0933111384510994,-0.07334016263484955,0,0.08283130824565887,0.10251140594482422,0.9909970164299011,0,-0.08499792218208313,-0.9900650978088379,0.10952005535364151,0,-0.002403999911621213,3.2847208976745605,0,1
B49,mixamorig_RightHandRing3,48,0.9999989867210388,0.0015269999857991934,0.00013400001625996083,0,-0.0015269999857991934,0.9999989867210388,0,0,-0.00013400001625996083,0,1,0,-0.0006019999855197966,3.4200000762939453,0,1
B50,mixamorig_RightHandRing4,49,1,0,0,0,0,1,0,0,0,0,1,0,0.0030060000717639923,2.219630002975464,0,1
B51,mixamorig_RightHandPinky1,34,0.9959881901741028,0.0683947205543518,-0.05764859914779663,0,0.062136027961969376,-0.06564097106456757,0.995627760887146,0,0.06425651907920837,-0.995225191116333,-0.06962472945451736,0,-4.786189079284668,21.68233871459961,-0.006763000041246414,1
B52,mixamorig_RightHandPinky2,51,0.9849236011505127,-0.1536792367696762,-0.07940292358398438,0,0.07039616256952286,-0.06305739283561707,0.9952448606491089,0,-0.1579933762550354,-0.9858270287513733,-0.051285408437252045,0,-0.0017480000387877226,2.2173030376434326,0,1
B53,mixamorig_RightHandPinky3,52,0.9999960064888,0.002841999987140298,0.0002460000105202198,0,-0.002841999987140298,0.9999960064888,-9.999999974752427e-7,0,-0.0002460000105202198,0,1,0,-0.0008210000232793391,2.010317087173462,0,1
B54,mixamorig_RightHandPinky4,53,1,0,0,0,0,1,0,0,0,0,1,0,0.0025690000038594007,1.0639890432357788,0,1
B55,mixamorig_LeftUpLeg,0,-0.9909113049507141,0.0020420022774487734,0.13382846117019653,0,0.006949905306100845,-0.9879710674285889,0.07967409491539001,0,0.13266396522521973,0.07990797609090805,0.9789411425590515,0,14.099202156066895,-7.80706787109375,0.2510110139846802,1
B56,mixamorig_LeftLeg,55,0.9686824679374695,0.21852801740169525,-0.11333765834569931,0,-0.08359025418758392,-0.14690513908863068,-0.9771026968955994,0,-0.23365548253059387,0.9558483958244324,-0.12422481179237366,0,0,64.926025390625,0,1
B57,mixamorig_LeftFoot,56,0.9956632852554321,-0.07892024517059326,-0.013107158243656158,0,0.06328799575567245,0.6505807042121887,0.7544670701026917,0,-0.04941496625542641,-0.7521711587905884,0.6542310118675232,0,0,64.20130157470703,0,1
B58,mixamorig_LeftToeBase,57,0.9927844405174255,-0.10983266681432724,0.02411351352930069,0,0.054101090878248215,0.6566932201385498,0.7517322301864624,0,-0.09864062815904617,-0.7449110150337219,0.6589503884315491,0,0,13.496685028076172,0,1
B59,mixamorig_LeftToe_End,58,1,0,0,0,0,1,0,0,0,0,1,0,0,3.456465005874634,0,1
B60,mixamorig_RightUpLeg,0,-0.9957588911056519,-0.0791286900639534,-0.045614294707775116,0,0.03069356270134449,-0.7605978846549988,0.6484680771827698,0,-0.08599069714546204,0.6443666815757751,0.7597878575325012,0,-14.099202156066895,-7.80706787109375,0.2107049971818924,1
B61,mixamorig_RightLeg,60,0.9995484352111816,0.020258663222193718,-0.010481982491910458,0,-0.022895121946930885,0.7680614590644836,-0.6204314231872559,0,-0.007456253282725811,0.620628297328949,0.768420398235321,0,0,64.92598724365234,0,1
B62,mixamorig_RightFoot,61,0.9993478059768677,-0.03367523476481438,0.003411718411371112,0,0.008565302938222885,0.37817302346229553,0.9210503101348877,0,-0.032844427973032,-0.9204090237617493,0.37828534841537476,0,0,64.18057250976562,0,1
B63,mixamorig_RightToeBase,62,0.9756069779396057,0.14632178843021393,0.1481815129518509,0,-0.2050197422504425,0.8435642123222351,0.49393266439437866,0,-0.05258908495306969,-0.5123819708824158,0.8529295325279236,0,0,22.28676986694336,-9.999999974752427e-7,1
B64,mixamorig_RightToe_End,63,1,0,0,0,0,1,0,0,0,0,1,0,0,10.420294761657715,0,1
@52,0,1,2,3,4,5,7,8,9,10,11,12,13,15,16,17,19,20,21,23,24,25,27,28,29,31,32,33,34,35,36,37,39,40,41,43,44,45,47,48,49,51,52,53,55,56,57,58,60,61,62,63
K0.000,0.997344970703125,-0.04694399982690811,-0.0556659996509552,0,0.05194900184869766,0.9943869709968567,0.09216900169849396,0,0.051026999950408936,-0.09481599926948547,0.9941859841346741,0,-0.040181998163461685,136.68833923339844,-0.5387399792671204,1,0.9994530081748962,0.02552499994635582,-0.021042000502347946,0,-0.02519099973142147,0.9995549917221069,0.015977999195456505,0,0.02143999934196472,-0.015438999980688095,0.9996510148048401,0,0,14.052734375,-0.9930750131607056,1,0.998354971408844,0.04090199992060661,-0.04018300026655197,0,-0.03338500112295151,0.9844279885292053,0.17258700728416443,0,0.04661700129508972,-0.17096099257469177,0.9841740131378174,0,0,16.43573760986328,0,1,0.998354971408844,0.04090199992060661,-0.04018300026655197,0,-0.03338500112295151,0.9844279885292053,0.17258700728416443,0,0.04661700129508972,-0.17096200585365295,0.9841740131378174,0,0,18.78371238708496,0,1,0.9984650015830994,-0.004269000142812729,0.05521899834275246,0,0.007577000185847282,0.998179018497467,-0.059836000204086304,0,-0.05486299842596054,0.060162000358104706,0.9966800212860107,0,0,21.131654739379883,0,1,0.9875940084457397,-0.057728998363018036,0.14603599905967712,0,0.0908150002360344,0.9686490297317505,-0.23123900592327118,0,-0.12810799479484558,0.24163199961185455,0.9618740081787109,0,0,8.71087646484375,0.649304986000061,1,-0.02350199967622757,0.02312299981713295,-0.999455988407135,0,0.9369170069694519,-0.34825599193573,-0.0300890002399683,0,-0.34876200556755066,-0.9371140003204346,-0.01348000019788742,0,8.001996040344238,18.918903350830078,-0.3112339973449707,1,0.8648179769515991,-0.38769298791885376,-0.31903401017189026,0,0.48783400654792786,0.49851900339126587,0.7165870070457458,0,-0.11877100169658661,-0.7753530144691467,0.6202579736709595,0,0,16.365602493286133,0,1,-0.21597999334335327,0.969281017780304,0.11767499893903732,0,-0.9332039952278137,-0.2403700053691864,0.26711800694465637,0,0.287198007106781,-0.05212299898266792,0.9564520120620728,0,0,40.218624114990234,0,1,0.9250010251998901,0.28110799193382263,-0.2556380033493042,0,-0.28154799342155457,0.9588840007781982,0.035663001239299774,0,0.25515198707580566,0.038986001163721085,0.9661149978637695,0,0,34.10688018798828,0,1,0.757830023765564,0.6368920207023621,0.14164100587368011,0,-0.6093840003013611,0.6133589744567871,0.5024369955062866,0,0.23312099277973175,-0.467074990272522,0.8529329895973206,0,-3.4304990768432617,6.394920825958252,2.3557169437408447,1,0.9584890007972717,-0.285057008266449,0.006364000029861927,0,0.2851180136203766,0.9584019780158997,-0.013186999596655369,0,-0.0023399998899549246,0.014453999698162079,0.9998930096626282,0,0.05008799955248833,6.103577136993408,0,1,0.9995419979095459,0.0302559994161129,-0.0004140000091865659,0,-0.0302559994161129,0.9995419979095459,0.000004999999873689376,0,0.0004140000091865659,0.000007999999979801942,1,0,-0.10409499704837799,5.582764148712158,0,1,0.985971987247467,0.15295299887657166,0.06681299954652786,0,-0.09740900248289108,0.20225200057029724,0.9744769930839539,0,0.13553600013256073,-0.9673159718513489,0.21431300044059753,0,-5.124423027038574,21.986095428466797,0.145673006772995,1,0.9935050010681152,0.06124899908900261,0.0958930030465126,0,-0.099993996322155,0.0678120031952858,0.9926750063896179,0,0.054297998547554016,-0.9958159923553467,0.07349599897861481,0,-0.00002099999983329326,3.5268421173095703,0,1,1,-0.00033400001120753586,0.000003999999989900971,0,0.00033400001120753586,1,0,0,-0.000003999999989900971,0,1,0,0.000547999981790781,3.572993040084839,0,1,0.9900950193405151,0.12025400251150131,0.07245799899101257,0,-0.08955399692058563,0.1434680074453354,0.9855949878692627,0,0.10812699794769287,-0.9823219776153564,0.1528169959783554,0,-1.5863289833068848,22.938554763793945,-0.07304000109434128,1,0.9937620162963867,0.07991000264883041,0.07779400050640106,0,-0.0908150002360344,0.1749590039253235,0.9803779721260071,0,0.06473100185394287,-0.981328010559082,0.1811250001192093,0,-0.00027200000477023423,4.065708160400391,0,1,1,-0.0002410000015515834,-0.0000019999999949504854,0,0.0002410000015515834,1,0,0,0.0000019999999949504854,0,1,0,0.0005280000041238964,3.6918890476226807,0,1,0.9983900189399719,-0.022430000826716423,0.052094001322984695,0,-0.0502609983086586,0.0757170021533966,0.9958620071411133,0,-0.026281999424099922,-0.9968770146369934,0.07446800172328949,0,1.990501046180725,23.168066024780273,-0.4378890097141266,1,0.9970930218696594,0.06284199655056,0.0430850014090538,0,-0.0508899986743927,0.1284089982509613,0.9904149770736694,0,0.056706998497247696,-0.9897279739379883,0.13123300671577454,0,0.0013989999424666166,3.1800289154052734,0,1,1,-0.0004440000047907233,-0.00005700000110664405,0,0.0004440000047907233,1,0,0,0.00005700000110664405,0,1,0,-0.00029799999902024865,3.3116979598999023,0,1,0.9900310039520264,-0.13404899835586548,0.043226998299360275,0,-0.04664599895477295,-0.022468000650405884,0.9986590147018433,0,-0.1328980028629303,-0.9907199740409851,-0.02849699929356575,0,4.720250129699707,21.891002655029297,0.167930006980896,1,0.9952660202980042,0.09585999697446823,0.01603800058364868,0,-0.012551999650895596,-0.03685399889945984,0.9992420077323914,0,0.09637899696826935,-0.9947119951248169,-0.03547700121998787,0,-0.0004769999941345304,2.2031569480895996,0,1,0.9999989867210388,0.001069999998435378,0.000048999998398358,0,-0.001069999998435378,0.9999989867210388,0,0,-0.000048999998398358,0,1,0,-0.0004920000210404396,1.86707603931427,0,1,0.09782200306653976,-0.011390999890863895,0.9951390027999878,0,-0.9269359707832336,-0.36500900983810425,0.0869389995932579,0,0.36224400997161865,-0.9309340119361877,-0.046264998614788055,0,-8.001996040344238,18.897123336791992,-0.003046999918296933,1,0.9625660181045532,0.25996699929237366,0.07670100033283234,0,-0.2428700029850006,0.7016180157661438,0.669884979724884,0,0.12033399939537048,-0.6634380221366882,0.7384920120239258,0,0,16.3656005859375,0,1,0.03232499957084656,-0.9921489953994751,-0.12080799788236618,0,0.988955020904541,0.01425699982792139,0.14753000438213348,0,-0.14464999735355377,-0.12424299865961075,0.981652021408081,0,0,40.2408561706543,0,1,0.9980329871177673,-0.025262000039219856,0.057381000369787216,0,0.022533999755978584,0.9986079931259155,0.04769400134682655,0,-0.05850600078701973,-0.046307001262903214,0.9972119927406311,0,0,34.11394119262695,0,1,0.837149977684021,-0.5423210263252258,-0.07119300216436386,0,0.48537200689315796,0.6765390038490295,0.5538129806518555,0,-0.25217899680137634,-0.49818000197410583,0.8295919895172119,0,3.4725589752197266,6.503436088562012,2.6446518898010254,1,0.9777320027351379,0.209415003657341,-0.013635000213980675,0,-0.2096399962902069,0.9776129722595215,-0.017986999824643135,0,0.009562999941408634,0.020445000380277634,0.9997450113296509,0,0.20625600218772888,6.262588977813721,0,1,0.9929869771003723,-0.11822299659252167,0.00023799999326001853,0,0.11822299659252167,0.9929869771003723,0.000022000000171829015,0,-0.0002390000008745119,0.000007000000096013537,1,0,0.16963399946689606,5.428116798400879,0,1,0.9908769726753235,-0.11912699788808823,0.06301599740982056,0,-0.024500999599695206,0.3005580008029938,0.953449010848999,0,-0.13252200186252594,-0.9462950229644775,0.29489800333976746,0,5.090911865234375,21.570802688598633,-0.029138000681996346,1,0.9951120018959045,-0.0432870015501976,-0.0887639969587326,0,0.08718399703502655,-0.037112001329660416,0.9955009818077087,0,-0.0463859997689724,-0.9983729720115662,-0.03315600007772446,0,-0.000028000000384054147,3.7846291065216064,0,1,1,0,0,0,0,1,0,0,0,0,1,0,0.000039999998989515007,3.663832902908325,0,1,0.994055986404419,-0.10341499745845795,-0.034026000648736954,0,0.05483400076627731,0.20559099316596985,0.9771010279655457,0,-0.09405200183391571,-0.9731590151786804,0.21003900468349457,0,1.7376790046691895,22.911474227905273,-0.07990100234746933,1,0.9949229955673218,-0.06719200313091278,-0.074924997985363,0,0.07965400069952011,0.07071699947118759,0.9943109750747681,0,-0.061510998755693436,-0.9952309727668762,0.0757099986076355,0,0.00004600000102072954,4.017561912536621,0,1,1,0.00002700000004551839,0.0000019999999949504854,0,-0.00002700000004551839,1,0,0,-0.0000019999999949504854,0,1,0,-0.00009600000339560211,3.6927289962768555,0,1,0.9982249736785889,-0.01664000004529953,-0.0571880005300045,0,0.05831199884414673,0.07756499946117401,0.9952809810638428,0,-0.012125999666750431,-0.9968479871749878,0.07839799672365189,0,-2.0424020290374756,22.845932006835938,-0.27081298828125,1,0.9924110174179077,-0.09365499764680862,-0.07968500256538391,0,0.08225899934768677,0.023948999121785164,0.9963229894638062,0,-0.09140300005674362,-0.9953169822692871,0.031470999121665955,0,-0.002403999911621213,3.2847208976745605,0,1,0.9999989867210388,0.0015269999857991934,0.00013499999477062374,0,-0.0015269999857991934,0.9999989867210388,0,0,-0.00013499999477062374,0,1,0,-0.0006019999855197966,3.4200000762939453,0,1,0.9954469799995422,0.06925900280475616,-0.06548400223255157,0,0.07486200332641602,-0.14285600185394287,0.9869080185890198,0,0.058997999876737595,-0.9873170256614685,-0.14739100635051727,0,-4.786189079284668,21.68233871459961,-0.006763000041246414,1,0.9845679998397827,-0.1531199961900711,-0.08473300188779831,0,0.06307899951934814,-0.14112399518489838,0.9879800081253052,0,-0.16323800384998322,-0.9780790209770203,-0.1292870044708252,0,-0.0017480000387877226,2.2173030376434326,0,1,0.9999960064888,0.002841999987140298,0.0002460000105202198,0,-0.002841999987140298,0.9999960064888,0,0,-0.0002460000105202198,0,1,0,-0.0008210000232793391,2.010317087173462,0,1,-0.9949849843978882,0.07378199696540833,0.06753300130367279,0,-0.016721000894904137,-0.7883750200271606,0.6149680018424988,0,0.09861499816179276,0.6107540130615234,0.7856550216674805,0,14.099202156066895,-7.80706787109375,0.2510110139846802,1,0.9702489972114563,0.21774700284004211,-0.10584600269794464,0,-0.05298300087451935,-0.23562300205230713,-0.970399022102356,0,-0.23624099791049957,0.9471369981765747,-0.21707600355148315,0,0,64.926025390625,0,1,0.9974640011787415,0.07116799801588058,-0.0005039999959990382,0,-0.04045499861240387,0.5727999806404114,0.8186960220336914,0,0.058552999049425125,-0.8166000247001648,0.574226975440979,0,0,64.20130157470703,0,1,0.9909759759902954,-0.123649001121521,0.05173699930310249,0,0.04565899819135666,0.6743199825286865,0.7370259761810303,0,-0.12601999938488007,-0.7280129790306091,0.6738809943199158,0,0,13.496685028076172,0,1,-0.9934830069541931,-0.09135899692773819,-0.0681539997458458,0,0.06374499946832657,-0.9410420060157776,0.33223000168800354,0,-0.0944880023598671,0.32572001218795776,0.940733015537262,0,-14.099202156066895,-7.80706787109375,0.2107049971818924,1,0.999800980091095,-0.002136999974027276,0.019821999594569206,0,0.016597000882029533,0.640080988407135,-0.768127977848053,0,-0.011045999825000763,0.7683050036430359,0.6399890184402466,0,0,64.92598724365234,0,1,0.9999510049819946,0.005840000230818987,0.008030000142753124,0,-0.008410999551415443,0.06842400133609772,0.9976209998130798,0,0.005276999901980162,-0.997639000415802,0.06847000122070312,0,0,64.18057250976562,0,1,0.9757530093193054,0.1580979973077774,0.1513649970293045,0,-0.21657800674438477,0.7973359823226929,0.5633379817008972,0,-0.031626999378204346,-0.5824609994888306,0.8122429847717285,0,0,22.28676986694336,0,1
K0.033,0.9985679984092712,-0.02993183396756649,-0.044335149228572845,0,0.03395484387874603,0.9950910210609436,0.09295494854450226,0,0.041336167603731155,-0.0943269431591034,0.994683027267456,0,0.6643079519271851,139.53396606445312,1.4459197521209717,1,0.9989010095596313,0.020192906260490417,-0.04228917881846428,0,-0.019828910008072853,0.999763011932373,0.009008917026221752,0,0.04246017709374428,-0.008160918951034546,0.9990649819374084,0,0,14.052734375,-0.9930750131607056,1,0.9959899187088013,0.03317289426922798,-0.08309338241815567,0,-0.019620856270194054,0.9870989918708801,0.1589028388261795,0,0.08729235827922821,-0.1566348373889923,0.9837909936904907,0,0,16.43573760986328,0,1,0.9959899187088013,0.03317289426922798,-0.08309338241815567,0,-0.019620856270194054,0.9870989918708801,0.1589028388261795,0,0.08729235827922821,-0.1566348373889923,0.9837909936904907,0,0,18.78371238708496,0,1,0.9968960285186768,-0.014323903247714043,0.07741131633520126,0,0.019105903804302216,0.9979310035705566,-0.06138382852077484,0,-0.07637131959199905,0.06267282366752625,0.9951080083847046,0,0,21.131654739379883,0,1,0.9757938385009766,-0.042688947170972824,0.21448369324207306,0,0.08379700779914856,0.9788930416107178,-0.18640269339084625,0,-0.2019997090101242,0.1998637318611145,0.9587758779525757,0,0,8.71087646484375,0.649304986000061,1,-0.037989165633916855,0.023704003542661667,-0.9989969730377197,0,0.9400810599327087,-0.3381298780441284,-0.04377215728163719,0,-0.33882787823677063,-0.9408010840415955,-0.009437954984605312,0,8.001996040344238,18.918903350830078,-0.3112339973449707,1,0.8435769081115723,-0.4217851161956787,-0.33238014578819275,0,0.5264122486114502,0.5271424651145935,0.667091429233551,0,-0.1061575710773468,-0.7377116084098816,0.6667174696922302,0,0,16.365602493286133,0,1,-0.10652986913919449,0.9928270578384399,0.05427129939198494,0,-0.9450929760932922,-0.11806569993495941,0.3047292232513428,0,0.30895116925239563,-0.018828684464097023,0.95089191198349,0,0,40.218624114990234,0,1,0.9142569303512573,0.2799229919910431,-0.2928771376609802,0,-0.2796710431575775,0.959102988243103,0.043650999665260315,0,0.2931191623210907,0.04200105369091034,0.9551529288291931,0,0,34.10688018798828,0,1,0.757830023765564,0.6368920207023621,0.14164100587368011,0,-0.6093840003013611,0.6133589744567871,0.5024369955062866,0,0.23312099277973175,-0.467074990272522,0.8529329895973206,0,-3.4304990768432617,6.394920825958252,2.3557169437408447,1,0.9584890007972717,-0.285057008266449,0.006364000029861927,0,0.2851189970970154,0.9584010243415833,-0.013186999596655369,0,-0.0023399998899549246,0.014453999698162079,0.9998930096626282,0,0.05008799955248833,6.103577136993408,0,1,0.9995419979095459,0.0302559994161129,-0.0004140000091865659,0,-0.0302559994161129,0.9995419979095459,0.000004999999873689376,0,0.0004140000091865659,0.000007999999979801942,1,0,-0.10409499704837799,5.582764148712158,0,1,0.9861969947814941,0.152459979057312,0.06458494812250137,0,-0.09864702820777893,0.22773559391498566,0.9687128067016602,0,0.13298194110393524,-0.9617128372192383,0.23963259160518646,0,-5.124423027038574,21.986095428466797,0.145673006772995,1,0.9937899708747864,0.06101999431848526,0.09305093437433243,0,-0.09852395951747894,0.093854621052742,0.9906989336013794,0,0.05171893909573555,-0.993713915348053,0.0992836132645607,0,-0.00002099999983329326,3.5268421173095703,0,1,1,-0.00033400001120753586,0.000003999999989900971,0,0.00033400001120753586,1,0,0,-0.000003999999989900971,0,1,0,0.000547999981790781,3.572993040084839,0,1,0.9902870059013367,0.11994899064302444,0.07030894607305527,0,-0.0901850163936615,0.1692846119403839,0.9814319014549255,0,0.1058199405670166,-0.9782409071922302,0.1784576177597046,0,-1.5863289833068848,22.938554763793945,-0.07304000109434128,1,0.9939860105514526,0.07944698631763458,0.07536894083023071,0,-0.09000597894191742,0.20064960420131683,0.9755198955535889,0,0.06237894296646118,-0.9764358997344971,0.2065936028957367,0,-0.00027200000477023423,4.065708160400391,0,1,1,-0.0002410000015515834,-0.0000019999999949504854,0,0.0002410000015515834,1,0,0,0.0000019999999949504854,0,1,0,0.0005280000041238964,3.6918890476226807,0,1,0.9984650015830994,-0.02259000390768051,0.05057496204972267,0,-0.04803094267845154,0.10168562084436417,0.9936559200286865,0,-0.02758902870118618,-0.9945599436759949,0.10044461488723755,0,1.990501046180725,23.168066024780273,-0.4378890097141266,1,0.9971579909324646,0.06265798956155777,0.04182096943259239,0,-0.05107800289988518,0.15430161356925964,0.9867028594017029,0,0.0553719662129879,-0.9860348701477051,0.15706361830234528,0,0.0013989999424666166,3.1800289154052734,0,1,1,-0.0004450000124052167,-0.000056000011682044715,0,0.0004450000124052167,1,0,0,0.000056000011682044715,0,1,0,-0.00029799999902024865,3.3116979598999023,0,1,0.9900779724121094,-0.13404400646686554,0.042159974575042725,0,-0.042098890990018845,0.0032876143231987953,0.9991080164909363,0,-0.13406303524971008,-0.9909700155258179,-0.002388377208262682,0,4.720250129699707,21.891002655029297,0.167930006980896,1,0.9952690005302429,0.09585800021886826,0.015810994431376457,0,-0.014843054115772247,-0.010803379118442535,0.9998310208320618,0,0.09601299464702606,-0.9953359961509705,-0.009329375810921192,0,-0.0004769999941345304,2.2031569480895996,0,1,0.9999989867210388,0.001069999998435378,0.000049000009312294424,0,-0.001069999998435378,0.9999989867210388,0,0,-0.000049000009312294424,0,1,0,-0.0004920000210404396,1.86707603931427,0,1,0.12636815011501312,-0.01450200006365776,0.991877019405365,0,-0.9306119680404663,-0.34797203540802,0.11347513645887375,0,0.343500018119812,-0.9373930096626282,-0.05746805667877197,0,-8.001996040344238,18.897123336791992,-0.003046999918296933,1,0.9835190176963806,0.18047192692756653,-0.010990194976329803,0,-0.12446381151676178,0.7198759913444519,0.6828529834747314,0,0.1311470866203308,-0.670229971408844,0.7304739356040955,0,0,16.3656005859375,0,1,-0.021467750892043114,-0.9894798398017883,-0.14306862652301788,0,0.99257892370224,-0.038225796073675156,0.11543579399585724,0,-0.11968997120857239,-0.1395285576581955,0.9829579591751099,0,0,40.2408561706543,0,1,0.9976399540901184,-0.04752591252326965,0.04955931752920151,0,0.04542094096541405,0.9980508685112,0.04278220608830452,0,-0.05149538815021515,-0.04043024405837059,0.9978539943695068,0,0,34.11394119262695,0,1,0.8384400606155396,-0.5404349565505981,-0.07034897804260254,0,0.4833989441394806,0.6778460741043091,0.5539399981498718,0,-0.25168299674987793,-0.49845200777053833,0.8295789957046509,0,3.4725589752197266,6.503436088562012,2.6446518898010254,1,0.9753349423408508,0.22029827535152435,-0.013792003504931927,0,-0.22052226960659027,0.9752229452133179,-0.017605990171432495,0,0.009572001174092293,0.020212994888424873,0.999750018119812,0,0.20625600218772888,6.262588977813721,0,1,0.9929869771003723,-0.11822299659252167,0.00023799999326001853,0,0.11822299659252167,0.9929869771003723,0.00002100001074722968,0,-0.0002390000008745119,0.000006999990091571817,1,0,0.16963399946689606,5.428116798400879,0,1,0.9906579852104187,-0.12126605212688446,0.06238098070025444,0,-0.02510601468384266,0.28743666410446167,0.9574711322784424,0,-0.1340390294790268,-0.950092077255249,0.28170666098594666,0,5.090911865234375,21.570802688598633,-0.029138000681996346,1,0.9950000047683716,-0.04323499649763107,-0.09002803266048431,0,0.08779901266098022,-0.05095534026622772,0.9948340058326721,0,-0.047599028795957565,-0.9977650046348572,-0.04690433666110039,0,-0.000028000000384054147,3.7846291065216064,0,1,1,0,0,0,0,1,0,0,0,0,1,0,0.000039999998989515007,3.663832902908325,0,1,0.9939429759979248,-0.10420501977205276,-0.034898024052381516,0,0.054535992443561554,0.1920226663351059,0.9798740744590759,0,-0.09540603309869766,-0.975843071937561,0.1965426653623581,0,1.7376790046691895,22.911474227905273,-0.07990100234746933,1,0.9948350191116333,-0.06723999977111816,-0.07603602856397629,0,0.07990600913763046,0.05687466263771057,0.9951789975166321,0,-0.0625920295715332,-0.9961140155792236,0.06195366010069847,0,0.00004600000102072954,4.017561912536621,0,1,1,0.00002700000004551839,0.0000019999999949504854,0,-0.00002700000004551839,1,0,0,-0.0000019999999949504854,0,1,0,-0.00009600000339560211,3.6927289962768555,0,1,0.9981489777565002,-0.016790002584457397,-0.058458030223846436,0,0.0594160258769989,0.06377466768026352,0.9961940050125122,0,-0.012998020276427269,-0.9978229999542236,0.0646536648273468,0,-2.0424020290374756,22.845932006835938,-0.27081298828125,1,0.9923099875450134,-0.09374900162220001,-0.08082302659749985,0,0.08212298899888992,0.01008065976202488,0.9965710043907166,0,-0.09261202812194824,-0.9955450296401978,0.01770266331732273,0,-0.002403999911621213,3.2847208976745605,0,1,0.9999989867210388,0.0015269999857991934,0.00013499998021870852,0,-0.0015269999857991934,0.9999989867210388,0,0,-0.00013499998021870852,0,1,0,-0.0006019999855197966,3.4200000762939453,0,1,0.995343029499054,0.06944400817155838,-0.06686002761125565,0,0.07705405354499817,-0.15636533498764038,0.984688937664032,0,0.057926975190639496,-0.9852549433708191,-0.16098833084106445,0,-4.786189079284668,21.68233871459961,-0.006763000041246414,1,0.9845100045204163,-0.15297700464725494,-0.08566401898860931,0,0.06174296513199806,-0.15479032695293427,0.9860159158706665,0,-0.16409800946712494,-0.9760319590568542,-0.14294733107089996,0,-0.0017480000387877226,2.2173030376434326,0,1,0.9999960064888,0.002841999987140298,0.00024500000290572643,0,-0.002841999987140298,0.9999960064888,0,0,-0.00024500000290572643,0,1,0,-0.0008210000232793391,2.010317087173462,0,1,-0.9976649880409241,0.061548855155706406,0.029600612819194794,0,-0.01984518952667713,-0.6759610772132874,0.7366709113121033,0,0.06534963101148605,0.7343629598617554,0.6756040453910828,0,14.099202156066895,-7.80706787109375,0.2510110139846802,1,0.9858070015907288,0.16584379971027374,-0.02606678381562233,0,-0.02353646606206894,-0.01720684953033924,-0.9995741844177246,0,-0.16622306406497955,0.9860012531280518,-0.013059995137155056,0,0,64.926025390625,0,1,0.9869481325149536,-0.15551866590976715,-0.041806723922491074,0,0.12154202163219452,0.5490385293960571,0.8269127011299133,0,-0.1056470274925232,-0.8212007880210876,0.5607744455337524,0,0,64.20130157470703,0,1,0.9940120577812195,0.1088157519698143,-0.009989071637392044,0,-0.06828208267688751,0.6898965835571289,0.7206804156303406,0,0.08531313389539719,-0.7156824469566345,0.6931955814361572,0,0,13.496685028076172,0,1,-0.990714967250824,-0.0478101521730423,-0.12726956605911255,0,0.048981744796037674,-0.9987805485725403,-0.006090091075748205,0,-0.12682358920574188,-0.012268015183508396,0.991849422454834,0,-14.099202156066895,-7.80706787109375,0.2107049971818924,1,0.9961488246917725,0.01912112720310688,0.08556723594665527,0,0.029768861830234528,0.844191312789917,-0.535213828086853,0,-0.08246929198503494,0.5356998443603516,0.8403701186180115,0,0,64.92598724365234,0,1,0.999931812286377,0.006774843670427799,0.00946169812232256,0,-0.010497876442968845,0.17416517436504364,0.9846591353416443,0,0.005023602861911058,-0.9846919775009155,0.17422424256801605,0,0,64.18057250976562,0,1,0.9704378247261047,0.14733269810676575,0.19116292893886566,0,-0.23868656158447266,0.7032384276390076,0.669689416885376,0,-0.035765860229730606,-0.6955203413963318,0.7176148295402527,0,0,22.28676986694336,0,1
