1.933,30,57,33
B0,mixamorig_Hips,-1,0.9963136911392212,-0.01898786425590515,0.08362893760204315,0,0.010950090363621712,0.9953631162643433,0.09555654972791672,0,-0.08505523949861526,-0.09428784251213074,0.9919027090072632,0,0.41942206025123596,149.92039489746094,-1.3909038305282593,1
B1,mixamorig_Spine,0,0.9995867609977722,0.02206203155219555,0.018399039283394814,0,-0.02067173831164837,0.9971454739570618,-0.07261556386947632,0,-0.01994752511382103,0.07220485806465149,0.9971901774406433,0,0,13.631317138671875,-0.9066920280456543,1
B2,mixamorig_Spine1,1,0.9997560977935791,0.016660360619425774,0.014504417777061462,0,-0.016387009993195534,0.9996888041496277,-0.018813738599419594,0,-0.014812883920967579,0.01857087016105652,0.9997175335884094,0,0,15.938353538513184,0,1
B3,mixamorig_Spine2,2,0.9997581243515015,0.01713869348168373,0.013758666813373566,0,-0.016877345740795135,0.9996792078018188,-0.018892530351877213,0,-0.014077692292630672,0.01865566335618496,0.9997271299362183,0,0,18.215255737304688,0,1
B4,mixamorig_Neck,3,0.9992198944091797,-0.027752159163355827,-0.02803260087966919,0,0.026176603510975838,0.9981368780136108,-0.05506198853254318,0,0.029511092230677605,0.05428525060415268,0.9980884790420532,0,0,20.492156982421875,0,1
B5,mixamorig_Head,4,0.9945737719535828,-0.02395089715719223,-0.10117248445749283,0,0.019973576068878174,0.9989882111549377,-0.040137384086847305,0,0.10202966630458832,0.03790230304002762,0.9940583109855652,0,0,11.188323974609375,0.8124110102653503,1
B6,mixamorig_HeadTop_End,5,1,0,0,0,0,1,0,0,0,0,1,0,0,39.53343200683594,2.870616912841797,1
B7,mixamorig_LeftShoulder,3,-0.23481439054012299,-0.044040191918611526,-0.9710419178009033,0,0.9418143630027771,-0.2574864625930786,-0.2160690575838089,0,-0.24051421880722046,-0.9652773141860962,0.10193997621536255,0,8.006896018981934,18.147985458374023,-0.30256399512290955,1
B8,mixamorig_LeftArm,7,0.23453490436077118,0.8779045343399048,-0.41746214032173157,0,-0.2793562710285187,0.47219425439834595,0.8360579609870911,0,0.9311025738716125,-0.07946458458900452,0.355993390083313,0,0,16.42500877380371,0,1
B9,mixamorig_LeftForeArm,8,0.9116586446762085,0.4108445644378662,0.008957180194556713,0,-0.4109180271625519,0.9111508131027222,0.030768167227506638,0,0.004479946568608284,-0.03173070028424263,0.9994865655899048,0,0,39.748775482177734,0,1
B10,mixamorig_LeftHand,9,0.8843474984169006,-0.14334461092948914,0.44427600502967834,0,0.12661264836788177,0.9896622896194458,0.06728129833936691,0,-0.449330598115921,-0.0032479295041412115,0.8933537006378174,0,0,40.615203857421875,0,1
B11,mixamorig_LeftHandIndex1,10,0.9978629946708679,-0.0643170028924942,-0.011481000110507011,0,0.06457500159740448,0.9442409873008728,0.322860449552536,0,-0.009925000369548798,-0.32291245460510254,0.9463769793510437,0,0,18.760311126708984,0,1
B12,mixamorig_LeftHandIndex2,11,0.9973869919776917,-0.07120899856090546,-0.01220100000500679,0,0.07159499824047089,0.9515399932861328,0.29907599091529846,0,-0.009686999954283237,-0.2991679906845093,0.9541509747505188,0,0,2.4333369731903076,0,1
B13,mixamorig_LeftHandIndex3,12,0.9964200258255005,0.08444900065660477,-0.003883558325469494,0,-0.08452100306749344,0.9961050152778625,-0.025111999362707138,0,0.0017480000387877226,0.025350557640194893,0.9996770024299622,0,-0.10917100310325623,3.5798709392547607,-0.33113399147987366,1
B14,mixamorig_LeftHandIndex4,13,1,0,0,0,0,1,0,0,0,0,1,0,0.20510800182819366,2.720046043395996,0.10660000145435333,1
B15,mixamorig_RightShoulder,3,0.10459161549806595,-0.05795329436659813,0.9928251504898071,0,-0.9552786946296692,-0.2834988534450531,0.08408772945404053,0,0.27659210562705994,-0.9572197198867798,-0.08501306921243668,0,-8.006896018981934,18.128562927246094,-0.010575000196695328,1
B16,mixamorig_RightArm,15,0.8212900161743164,-0.5535773038864136,0.13795965909957886,0,0.2141701728105545,0.5232980251312256,0.8247919082641602,0,-0.5287829637527466,-0.6478451490402222,0.5483397841453552,0,0,16.425010681152344,0,1
B17,mixamorig_RightForeArm,16,0.9079153537750244,-0.4188811779022217,-0.008995819836854935,0,0.4189709424972534,0.9075656533241272,0.025308802723884583,0,-0.0024457189720124006,-0.026747368276119232,0.9996387958526611,0,0,39.7686882019043,0,1
B18,mixamorig_RightHand,17,0.9488251209259033,0.16048921644687653,-0.27197274565696716,0,-0.10947500169277191,0.9749269485473633,0.1932736486196518,0,0.2961624562740326,-0.1536116898059845,0.9426076412200928,0,0,40.623146057128906,0,1
B19,mixamorig_RightHandIndex1,18,0.9989801645278931,0.04478128254413605,0.005531118251383305,0,-0.044802166521549225,0.9698986411094666,0.23920151591300964,0,0.005360118579119444,-0.2392055094242096,0.9709188938140869,0,0,18.520959854125977,0,1
B20,mixamorig_RightHandIndex2,19,0.9968240261077881,0.07823976874351501,0.014825883321464062,0,-0.07892220467329025,0.9458684921264648,0.3148071765899658,0,0.010606883093714714,-0.31497761607170105,0.949039876461029,0,0,2.42889404296875,0,1
B21,mixamorig_RightHandIndex3,20,0.9840139746665955,-0.17776212096214294,0.010854116640985012,0,0.17796911299228668,0.9837744832038879,-0.02269669994711876,0,-0.006643000058829784,0.024265259504318237,0.9996834397315979,0,0.14674200117588043,3.652707099914551,-0.39110100269317627,1
B22,mixamorig_RightHandIndex4,21,1,0,0,0,0,1,0,0,0,0,1,0,-0.46667900681495667,2.9132699966430664,0.07249800115823746,1
B23,mixamorig_LeftUpLeg,0,-0.9403811097145081,-0.06649007648229599,0.3335537016391754,0,0.1523459106683731,-0.9591635465621948,0.23830737173557281,0,0.30409109592437744,0.2749165892601013,0.9121123552322388,0,14.099204063415527,-7.572951793670654,0.4873479902744293,1
B24,mixamorig_LeftLeg,23,0.9833213686943054,0.11207811534404755,0.1432405561208725,0,-0.058787647634744644,0.9411507248878479,-0.3328354060649872,0,-0.17211435735225677,0.3188629150390625,0.9320419430732727,0,0,67.04618072509766,0,1
B25,mixamorig_LeftFoot,24,0.9761883616447449,-0.1583920419216156,-0.14819520711898804,0,0.21689997613430023,0.7191796898841858,0.6601020693778992,0,0.0020240505691617727,-0.6765277981758118,0.7364102005958557,0,0,64.694091796875,0,1
B26,mixamorig_LeftToeBase,25,0.9194319844245911,0,-0.3932490050792694,0,0.30975499749183655,0.6160809993743896,0.7242209911346436,0,0.2422730028629303,-0.7876819968223572,0.566444993019104,0,0,12.362526893615723,0,1
B27,mixamorig_LeftToe_End,26,1,0,0,0,0,1,0,0,0,0,1,0,0,3.764954090118408,0,1
B28,mixamorig_RightUpLeg,0,-0.9193805456161499,0.013161411508917809,-0.3931446373462677,0,-0.10232461243867874,-0.9730362892150879,0.20670931041240692,0,-0.37982314825057983,0.23027372360229492,0.8959375023841858,0,-14.099204063415527,-7.572951793670654,0.44704198837280273,1
B29,mixamorig_RightLeg,28,0.9832207560539246,-0.009039424359798431,0.18218660354614258,0,0.06424446403980255,0.9519357085227966,-0.29947859048843384,0,-0.17072436213493347,0.30615857243537903,0.936546802520752,0,0,67.04611206054688,0,1
B30,mixamorig_RightFoot,29,0.9893685579299927,0.09994771331548691,0.10562406480312347,0,-0.13021010160446167,0.28550928831100464,0.9494889378547668,0,0.06474270671606064,-0.953147828578949,0.2954888641834259,0,0,64.71807098388672,0,1
B31,mixamorig_RightToeBase,30,0.9694989919662476,0,0.24509400129318237,0,-0.10668600350618362,0.9002919793128967,0.42200955748558044,0,-0.22065599262714386,-0.4352859854698181,0.8728330135345459,0,0,22.355493545532227,0,1
B32,mixamorig_RightToe_End,31,1,0,0,0,0,1,0,0,0,0,1,0,0,10.522708892822266,0,1
@28,0,1,2,3,4,5,7,8,9,10,11,12,13,15,16,17,18,19,20,21,23,24,25,26,28,29,30,31
K0.000,0.9951059818267822,-0.022911999374628067,0.09611500054597855,0,0.013999000191688538,0.995622992515564,0.09240499883890152,0,-0.0978119969367981,-0.09060700237751007,0.9910719990730286,0,-0.11237800121307373,149.9249725341797,-1.1324230432510376,1,0.9994239807128906,0.025489000603556633,0.022391999140381813,0,-0.023878000676631927,0.997298002243042,-0.06947100162506104,0,-0.02410300076007843,0.06889600306749344,0.9973329901695251,0,0,13.631317138671875,-0.9066920280456543,1,0.9996650218963623,0.018825000151991844,0.017757000401616096,0,-0.018528999760746956,0.999688982963562,-0.016669999808073044,0,-0.01806499995291233,0.016335999593138695,0.9997029900550842,0,0,15.938353538513184,0,1,0.9996680021286011,0.019440000876784325,0.01692499965429306,0,-0.019155999645590782,0.999675989151001,-0.0167820006608963,0,-0.017246000468730927,0.01645199954509735,0.9997159838676453,0,0,18.215255737304688,0,1,0.9994080066680908,-0.01962600089609623,-0.028248999267816544,0,0.01827099919319153,0.9987059831619263,-0.047456998378038406,0,0.02914400026202202,0.04691300168633461,0.9984740018844604,0,0,20.492156982421875,0,1,0.993835985660553,-0.007139999885112047,-0.11062700301408768,0,0.0026289999950677156,0.9991610050201416,-0.04086799919605255,0,0.11082600057125092,0.04032500088214874,0.9930210113525391,0,0,11.188323974609375,0.8124110102653503,1,-0.23565800487995148,-0.044137001037597656,-0.9708330035209656,0,0.9413700103759766,-0.2585360109806061,-0.21675199270248413,0,-0.24142900109291077,-0.9649930000305176,0.10247500240802765,0,8.006896018981934,18.147985458374023,-0.30256399512290955,1,0.24114200472831726,0.8752239942550659,-0.41932401061058044,0,-0.278205007314682,0.476282000541687,0.834119975566864,0,0.9297590255737305,-0.08448299765586853,0.3583430051803589,0,0,16.42500877380371,0,1,0.9143519997596741,0.40482598543167114,0.008755999617278576,0,-0.4048979878425598,0.9138590097427368,0.030316999182105064,0,0.004271999932825565,-0.031266000121831894,0.9995020031929016,0,0,39.748775482177734,0,1,0.8857430219650269,-0.1392340064048767,0.4428020119667053,0,0.1298840045928955,0.9901890158653259,0.05154399946331978,0,-0.44563400745391846,0.011858000420033932,0.8951370120048523,0,0,40.615203857421875,0,1,0.9978629946708679,-0.0643170028924942,-0.011479999870061874,0,0.06457500159740448,0.9442409873008728,0.322860985994339,0,-0.009925000369548798,-0.3229120075702667,0.9463769793510437,0,0,18.760311126708984,0,1,0.9973869919776917,-0.07120899856090546,-0.01220100000500679,0,0.07159499824047089,0.9515389800071716,0.29907700419425964,0,-0.009686999954283237,-0.29916900396347046,0.9541509747505188,0,0,2.4333369731903076,0,1,0.9964200258255005,0.08444900065660477,-0.003882999997586012,0,-0.08452100306749344,0.9961050152778625,-0.025111999362707138,0,0.0017480000387877226,0.02535099908709526,0.9996770024299622,0,-0.10917100310325623,3.5798709392547607,-0.33113399147987366,1,0.10618600249290466,-0.0584929995238781,0.9926239848136902,0,-0.9559260010719299,-0.28081899881362915,0.0857120007276535,0,0.2737340033054352,-0.9579769968986511,-0.08573400229215622,0,-8.006896018981934,18.128562927246094,-0.010575000196695328,1,0.8252009749412537,-0.5492119789123535,0.13194400072097778,0,0.21345600485801697,0.5194939970970154,0.8273829817771912,0,-0.5229529738426208,-0.6545929908752441,0.5459200143814087,0,0,16.425010681152344,0,1,0.9190269708633423,-0.39410701394081116,-0.008325000293552876,0,0.3941909968852997,0.918720006942749,0.023811999708414078,0,-0.0017359999474138021,-0.025165999308228493,0.9996820092201233,0,0,39.7686882019043,0,1,0.9442049860954285,0.17873099446296692,-0.2766450047492981,0,-0.11930199712514877,0.9685080051422119,0.21853800117969513,0,0.3069930076599121,-0.17333999276161194,0.9357929825782776,0,0,40.623146057128906,0,1,0.9990429878234863,0.04343999922275543,0.005198999773710966,0,-0.043460000306367874,0.9717360138893127,0.23203399777412415,0,0.005028000101447105,-0.2320380061864853,0.9726939797401428,0,0,18.520959854125977,0,1,0.9968249797821045,0.07823800295591354,0.014825000427663326,0,-0.07891999930143356,0.9458730220794678,0.31479600071907043,0,0.010606000199913979,-0.31496700644493103,0.9490439891815186,0,0,2.42889404296875,0,1,0.984013020992279,-0.17776300013065338,0.010854999534785748,0,0.1779700070619583,0.9837740063667297,-0.02270199917256832,0,-0.006643000058829784,0.024271000176668167,0.9996830224990845,0,0.14674200117588043,3.652707099914551,-0.39110100269317627,1,-0.9386579990386963,-0.07526099681854248,0.3365350067615509,0,0.15907800197601318,-0.9603570103645325,0.22892799973487854,0,0.30596500635147095,0.2684209942817688,0.9134200215339661,0,14.099204063415527,-7.572951793670654,0.4873479902744293,1,0.9832130074501038,0.11379200220108032,0.14263300597667694,0,-0.06098699942231178,0.9416990280151367,-0.3308829963207245,0,-0.17196999490261078,0.3166300058364868,0.9328299760818481,0,0,67.04618072509766,0,1,0.9763090014457703,-0.16625100374221802,-0.13849599659442902,0,0.21611900627613068,0.717739999294281,0.6619229912757874,0,-0.010641000233590603,-0.6761729717254639,0.7366660237312317,0,0,64.694091796875,0,1,0.9194319844245911,0,-0.3932490050792694,0,0.30975499749183655,0.6160809993743896,0.7242209911346436,0,0.2422730028629303,-0.7876819968223572,0.566444993019104,0,0,12.362526893615723,0,1,-0.9230049848556519,0.012904999777674675,-0.38457098603248596,0,-0.0977109968662262,-0.9745380282402039,0.20181399583816528,0,-0.3721739947795868,0.2238519936800003,0.900763988494873,0,-14.099204063415527,-7.572951793670654,0.44704198837280273,1,0.9836850166320801,-0.00018699999782256782,0.17990100383758545,0,0.05502200126647949,0.9523929953575134,-0.2998659908771515,0,-0.17127999663352966,0.3048720061779022,0.936864972114563,0,0,67.04611206054688,0,1,0.9899190068244934,0.09105200320482254,0.10848599672317505,0,-0.1303109973669052,0.2854450047016144,0.9494950175285339,0,0.05548600107431412,-0.9540600180625916,0.29443201422691345,0,0,64.71807098388672,0,1,0.9694989919662476,0,0.24509400129318237,0,-0.10668600350618362,0.9002919793128967,0.4220089912414551,0,-0.22065599262714386,-0.4352859854698181,0.8728330135345459,0,0,22.355493545532227,0,1
K0.033,0.9956700205802917,-0.02127298340201378,0.09048794955015182,0,0.01276398729532957,0.9955289959907532,0.09359001368284225,0,-0.0920739471912384,-0.09203001856803894,0.9914900064468384,0,0.09118916094303131,149.91981506347656,-1.246893048286438,1,0.9994969964027405,0.02418498508632183,0.020534982904791832,0,-0.022673986852169037,0.9972270131111145,-0.0708790123462677,0,-0.022191982716321945,0.07037801295518875,0.9972739815711975,0,0,13.631317138671875,-0.9066920280456543,1,0.9997050166130066,0.018042990937829018,0.016256986185908318,0,-0.017755990847945213,0.9996870160102844,-0.017600009217858315,0,-0.0165689866989851,0.0173060093075037,0.9997130036354065,0,0,15.938353538513184,0,1,0.9997079968452454,0.01859499141573906,0.015461986884474754,0,-0.018320990726351738,0.999675989151001,-0.017694009467959404,0,-0.015785986557602882,0.017406009137630463,0.9997239708900452,0,0,18.215255737304688,0,1,0.9993529915809631,-0.02264503389596939,-0.0279379989951849,0,0.021211031824350357,0.998494029045105,-0.05059302970767021,0,0.02904200181365013,0.04996803030371666,0.9983289837837219,0,0,20.492156982421875,0,1,0.9942650198936462,-0.013993068598210812,-0.10602496564388275,0,0.009714070707559586,0.9991220235824585,-0.04076399654150009,0,0.10650195926427841,0.03950098901987076,0.9935280084609985,0,0,11.188323974609375,0.8124110102653503,1,-0.23494699597358704,-0.04409300163388252,-0.9710080027580261,0,0.9417790174484253,-0.2575230002403259,-0.21618099510669708,0,-0.24052399396896362,-0.9652659893035889,0.10203000158071518,0,8.006896018981934,18.147985458374023,-0.30256399512290955,1,0.23828096687793732,0.876928985118866,-0.4173949956893921,0,-0.27900201082229614,0.4734659790992737,0.8354560136795044,0,0.9302579760551453,-0.08261997997760773,0.35748299956321716,0,0,16.42500877380371,0,1,0.9135439991950989,0.4066440165042877,0.008816001005470753,0,-0.4067170321941376,0.9130470156669617,0.03045400232076645,0,0.004334000870585442,-0.03140600398182869,0.9994969964027405,0,0,39.748775482177734,0,1,0.885316014289856,-0.14071302115917206,0.44318801164627075,0,0.12837497889995575,0.9900339841842651,0.05789506435394287,0,-0.4469180405139923,0.0056389374658465385,0.894556999206543,0,0,40.615203857421875,0,1,0.9978629946708679,-0.0643170028924942,-0.011479999870061874,0,0.06457500159740448,0.9442409873008728,0.322860985994339,0,-0.009925000369548798,-0.3229120075702667,0.9463769793510437,0,0,18.760311126708984,0,1,0.9973869919776917,-0.07120899856090546,-0.012202000245451927,0,0.07159499824047089,0.9515389800071716,0.29907700419425964,0,-0.0096859997138381,-0.29916900396347046,0.9541509747505188,0,0,2.4333369731903076,0,1,0.9964200258255005,0.08444900065660477,-0.0038840000052005053,0,-0.08452100306749344,0.9961050152778625,-0.025111999362707138,0,0.0017480000387877226,0.02535099908709526,0.9996770024299622,0,-0.10917100310325623,3.5798709392547607,-0.33113399147987366,1,0.10534898936748505,-0.058198995888233185,0.992730975151062,0,-0.9554259777069092,-0.2827869951725006,0.0848119929432869,0,0.27579501271247864,-0.9574159979820251,-0.08539599925279617,0,-8.006896018981934,18.128562927246094,-0.010575000196695328,1,0.8224689960479736,-0.5526279807090759,0.13471102714538574,0,0.21360300481319427,0.5195680260658264,0.8272989988327026,0,-0.527180016040802,-0.651652991771698,0.5453709959983826,0,0,16.425010681152344,0,1,0.9166259169578552,-0.3996560871601105,-0.008470002561807632,0,0.3997410833835602,0.9163099527359009,0.02414700575172901,0,-0.0018900026334449649,-0.025519005954265594,0.9996730089187622,0,0,39.7686882019043,0,1,0.946071982383728,0.1664489358663559,-0.2779249846935272,0,-0.10792797058820724,0.9708430171012878,0.21404390037059784,0,0.3054489493370056,-0.17250493168830872,0.9364520311355591,0,0,40.623146057128906,0,1,0.9990429878234863,0.04343999922275543,0.005198999773710966,0,-0.043460000306367874,0.9717360138893127,0.23203399777412415,0,0.005028000101447105,-0.2320380061864853,0.9726939797401428,0,0,18.520959854125977,0,1,0.9968240261077881,0.07823800295591354,0.014825000427663326,0,-0.07891999930143356,0.9458730220794678,0.31479600071907043,0,0.010606000199913979,-0.31496599316596985,0.9490439891815186,0,0,2.42889404296875,0,1,0.984013020992279,-0.17776300013065338,0.010854999534785748,0,0.1779700070619583,0.9837740063667297,-0.02270199917256832,0,-0.006643000058829784,0.02426999993622303,0.9996830224990845,0,0.14674200117588043,3.652707099914551,-0.39110100269317627,1,-0.939428985118866,-0.07188495993614197,0.33511999249458313,0,0.15654496848583221,-0.9598060250282288,0.2329520434141159,0,0.3049040138721466,0.2713030278682709,0.9129229784011841,0,14.099204063415527,-7.572951793670654,0.4873479902744293,1,0.9832829833030701,0.11283299326896667,0.14291100203990936,0,-0.0597819909453392,0.941402018070221,-0.3319459855556488,0,-0.1719910055398941,0.31785300374031067,0.9324100017547607,0,0,67.04618072509766,0,1,0.9762920141220093,-0.16291296482086182,-0.14252504706382751,0,0.21639199554920197,0.7183610200881958,0.6611589789390564,0,-0.005326947662979364,-0.6763259768486023,0.7365829944610596,0,0,64.694091796875,0,1,0.9194319844245911,0,-0.3932490050792694,0,0.30975499749183655,0.6160809993743896,0.7242209911346436,0,0.2422730028629303,-0.7876819968223572,0.566444993019104,0,0,12.362526893615723,0,1,-0.9214950203895569,0.01294300053268671,-0.38817504048347473,0,-0.0995890200138092,-0.973904013633728,0.20394301414489746,0,-0.37540504336357117,0.22659103572368622,0.8987360000610352,0,-14.099204063415527,-7.572951793670654,0.44704198837280273,1,0.9834989905357361,-0.003786036279052496,0.18087302148342133,0,0.0588800385594368,0.9520459771156311,-0.3002369999885559,0,-0.17106199264526367,0.30593299865722656,0.9365590214729309,0,0,67.04611206054688,0,1,0.9897500276565552,0.09460503607988358,0.10698298364877701,0,-0.12990500032901764,0.2851719856262207,0.9496319890022278,0,0.05933103710412979,-0.9537960290908813,0.2945390045642853,0,0,64.71807098388672,0,1,0.9694989919662476,0,0.24509400129318237,0,-0.10668600350618362,0.9002919793128967,0.4220089912414551,0,-0.22065599262714386,-0.4352859854698181,0.8728330135345459,0,0,22.355493545532227,0,1
K0.067,0.9961599707603455,-0.019649017602205276,0.08531605452299118,0,0.011507011950016022,0.9954209923744202,0.09489098191261292,0,-0.0867900550365448,-0.09354498237371445,0.9918249845504761,0,0.3073558509349823,149.9180145263672,-1.3519779443740845,1,0.9995620250701904,0.022785013541579247,0.018895016983151436,0,-0.02136601321399212,0.9971640110015869,-0.07216198742389679,0,-0.02048501744866371,0.07172698527574539,0.9972140192985535,0,0,13.631317138671875,-0.9066920280456543,1,0.9997419714927673,0.017155008390545845,0.014920013025403023,0,-0.0168790090829134,0.9996870160102844,-0.018474990501999855,0,-0.01523201260715723,0.018217990174889565,0.9997180104255676,0,0,15.938353538513184,0,1,0.9997439980506897,0.017651008442044258,0.014161013066768646,0,-0.017387010157108307,0.9996770024299622,-0.01855599135160446,0,-0.014484013430774212,0.018304990604519844,0.9997280240058899,0,0,18.215255737304688,0,1,0.9992759823799133,-0.025955965742468834,-0.02782900258898735,0,0.024432968348264694,0.9982569813728333,-0.05372997000813484,0,0.02917499840259552,0.05301196873188019,0.9981679916381836,0,0,20.492156982421875,0,1,0.9945570230484009,-0.020835930481553078,-0.10208803415298462,0,0.016772929579019547,0.9990389943122864,-0.04049600288271904,0,0.10283304005861282,0.03856300935149193,0.9939510226249695,0,0,11.188323974609375,0.8124110102653503,1,-0.23457899689674377,-0.04405299946665764,-0.971098005771637,0,0.941976010799408,-0.2570509910583496,-0.2158840000629425,0,-0.24011099338531494,-0.9653930068016052,0.10179600119590759,0,8.006896018981934,18.147985458374023,-0.30256399512290955,1,0.23555202782154083,0.8780410289764404,-0.41660401225090027,0,-0.2794719934463501,0.47175702452659607,0.8362659811973572,0,0.9308120012283325,-0.0805550217628479,0.3565109968185425,0,0,16.42500877380371,0,1,0.9124469757080078,0.40909695625305176,0.008897999301552773,0,-0.4091699719429016,0.9119439721107483,0.030636997893452644,0,0.004418998956680298,-0.031595997512340546,0.9994909763336182,0,0,39.748775482177734,0,1,0.8847450017929077,-0.14240698516368866,0.44378799200057983,0,0.12703001499176025,0.9898080229759216,0.06436993181705475,0,-0.44843095541000366,-0.0005759382620453835,0.8938170075416565,0,0,40.615203857421875,0,1,0.9978629946708679,-0.0643170028924942,-0.011481000110507011,0,0.06457500159740448,0.9442409873008728,0.3228600025177002,0,-0.009925000369548798,-0.3229120075702667,0.9463769793510437,0,0,18.760311126708984,0,1,0.9973869919776917,-0.07120899856090546,-0.01220100000500679,0,0.07159499824047089,0.9515399932861328,0.29907599091529846,0,-0.009686999954283237,-0.2991679906845093,0.9541509747505188,0,0,2.4333369731903076,0,1,0.9964200258255005,0.08444900065660477,-0.0038840000052005053,0,-0.08452100306749344,0.9961050152778625,-0.025111999362707138,0,0.0017480000387877226,0.02535099908709526,0.9996770024299622,0,-0.10917100310325623,3.5798709392547607,-0.33113399147987366,1,0.10470600426197052,-0.057982005178928375,0.9928110241889954,0,-0.9551399946212769,-0.28394800424575806,0.08415000885725021,0,0.27702799439430237,-0.9570850133895874,-0.08511199802160263,0,-8.006896018981934,18.128562927246094,-0.010575000196695328,1,0.8207340240478516,-0.5545330047607422,0.1374349743127823,0,0.21370600163936615,0.5210880041122437,0.8263159990310669,0,-0.5298349857330322,-0.6488149762153625,0.5461810231208801,0,0,16.425010681152344,0,1,0.9124510884284973,-0.40909290313720703,-0.008721997030079365,0,0.4091809093952179,0.9121190309524536,0.024716993793845177,0,-0.0021559973247349262,-0.026121994480490685,0.9996560215950012,0,0,39.7686882019043,0,1,0.9483569860458374,0.16009706258773804,-0.2738400399684906,0,-0.10531602054834366,0.973235011100769,0.20426011085510254,0,0.2992120683193207,-0.16487108170986176,0.9398349523544312,0,0,40.623146057128906,0,1,0.9990419745445251,0.04343999922275543,0.005198999773710966,0,-0.043460000306367874,0.9717350006103516,0.2320380061864853,0,0.005028000101447105,-0.23204199969768524,0.9726930260658264,0,0,18.520959854125977,0,1,0.9968240261077881,0.07823800295591354,0.014825000427663326,0,-0.07891999930143356,0.9458720088005066,0.3147970139980316,0,0.010606000199913979,-0.31496700644493103,0.9490429759025574,0,0,2.42889404296875,0,1,0.9840139746665955,-0.17776300013065338,0.010854999534785748,0,0.1779700070619583,0.9837740063667297,-0.02270199917256832,0,-0.006643000058829784,0.024271000176668167,0.9996830224990845,0,0.14674200117588043,3.652707099914551,-0.39110100269317627,1,-0.9401400089263916,-0.06828803569078445,0.33387699723243713,0,0.15376803278923035,-0.959318995475769,0.23677395284175873,0,0.30412599444389343,0.2739409804344177,0.9123950004577637,0,14.099204063415527,-7.572951793670654,0.4873479902744293,1,0.9833279848098755,0.11211300641298294,0.14316900074481964,0,-0.058872006833553314,0.9411979913711548,-0.33268699049949646,0,-0.17204900085926056,0.3187110126018524,0.9321060180664062,0,0,67.04618072509766,0,1,0.9762330055236816,-0.15969403088092804,-0.1465129554271698,0,0.21672199666500092,0.7189729809761047,0.6603860259056091,0,-0.00012105173664167523,-0.6764429807662964,0.7364950180053711,0,0,64.694091796875,0,1,0.9194319844245911,0,-0.3932490050792694,0,0.30975499749183655,0.6160809993743896,0.7242209911346436,0,0.2422730028629303,-0.7876819968223572,0.566444993019104,0,0,12.362526893615723,0,1,-0.9199900031089783,0.013050999492406845,-0.39172297716140747,0,-0.1014929786324501,-0.9732879996299744,0.2059359848499298,0,-0.3785719573497772,0.22921596467494965,0.8967400193214417,0,-14.099204063415527,-7.572951793670654,0.44704198837280273,1,0.9833059906959534,-0.0074079642072319984,0.1818089783191681,0,0.06265496462583542,0.9518539905548096,-0.3000810146331787,0,-0.17083300650119781,0.30646198987960815,0.9364280104637146,0,0,67.04611206054688,0,1,0.9895240068435669,0.09823895990848541,0.10579101741313934,0,-0.12984000146389008,0.28518998622894287,0.9496359825134277,0,0.06312096118927002,-0.953423023223877,0.2949579954147339,0,0,64.71807098388672,0,1,0.9694989919662476,0,0.24509400129318237,0,-0.10668600350618362,0.9002919793128967,0.42201000452041626,0,-0.22065599262714386,-0.4352859854698181,0.8728330135345459,0,0,22.355493545532227,0,1
K0.100,0.996508002281189,-0.01815200038254261,0.08149600028991699,0,0.01024600025266409,0.9952899813652039,0.0963980033993721,0,-0.0828619971871376,-0.09522700309753418,0.9920009970664978,0,0.5611019730567932,149.9234161376953,-1.440116047859192,1,0.9996179938316345,0.02114799991250038,0.017772000283002853,0,-0.019794000312685966,0.9971219897270203,-0.07318899780511856,0,-0.01926800049841404,0.07280900329351425,0.997160017490387,0,0,13.631317138671875,-0.9066920280456543,1,0.9997739791870117,0.01603499986231327,0.01397900003939867,0,-0.015765000134706497,0.9996910095214844,-0.019241999834775925,0,-0.01428299956023693,0.019016999751329422,0.9997169971466064,0,0,15.938353538513184,0,1,0.9997760057449341,0.01649099960923195,0.013249999843537807,0,-0.01623300090432167,0.9996820092201233,-0.019317999482154846,0,-0.013563999906182289,0.019099000841379166,0.9997259974479675,0,0,18.215255737304688,0,1,0.9991490244865417,-0.03002299927175045,-0.028289999812841415,0,0.028380999341607094,0.9979850053787231,-0.056745998561382294,0,0.02993600070476532,0.05589500069618225,0.9979879856109619,0,0,20.492156982421875,0,1,0.9945949912071228,-0.02788900025188923,-0.10001499950885773,0,0.02401999942958355,0.9989240169525146,-0.039684001356363297,0,0.10101400315761566,0.037066999822854996,0.994193971157074,0,0,11.188323974609375,0.8124110102653503,1,-0.2351119965314865,-0.04402400180697441,-0.9709709882736206,0,0.9416099786758423,-0.2580370008945465,-0.2163030058145523,0,-0.24102400243282318,-0.9651309847831726,0.102122001349926,0,8.006896018981934,18.147985458374023,-0.30256399512290955,1,0.2332489937543869,0.87773197889328,-0.41854700446128845,0,-0.27921000123023987,0.47274699807167053,0.835794985294342,0,0.9314699769020081,-0.0780860036611557,0.355338990688324,0,0,16.42500877380371,0,1,0.9106619954109192,0.4130539894104004,0.009031999856233597,0,-0.41312798857688904,0.910148024559021,0.03093400038778782,0,0.004557000007480383,-0.03190099820494652,0.9994810223579407,0,0,39.748775482177734,0,1,0.8838449716567993,-0.14452999830245972,0.4448930025100708,0,0.12608499825000763,0.9894779920578003,0.07096199691295624,0,-0.4504680037498474,-0.0066259996965527534,0.8927680253982544,0,0,40.615203857421875,0,1,0.9978629946708679,-0.0643170028924942,-0.011481000110507011,0,0.06457500159740448,0.9442409873008728,0.322860985994339,0,-0.009925000369548798,-0.3229129910469055,0.9463769793510437,0,0,18.760311126708984,0,1,0.9973869919776917,-0.07120899856090546,-0.01220100000500679,0,0.07159499824047089,0.9515399932861328,0.29907599091529846,0,-0.009686999954283237,-0.2991679906845093,0.9541509747505188,0,0,2.4333369731903076,0,1,0.9964200258255005,0.08444900065660477,-0.003882999997586012,0,-0.08452100306749344,0.9961050152778625,-0.025111999362707138,0,0.0017480000387877226,0.025350000709295273,0.9996770024299622,0,-0.10917100310325623,3.5798709392547607,-0.33113399147987366,1,0.10444699972867966,-0.057916998863220215,0.992842972278595,0,-0.9554539918899536,-0.28293099999427795,0.08400899916887283,0,0.2760410010814667,-0.9573900103569031,-0.08488799631595612,0,-8.006896018981934,18.128562927246094,-0.010575000196695328,1,0.8219929933547974,-0.5523689985275269,0.13862299919128418,0,0.21475699543952942,0.526091992855072,0.8228650093078613,0,-0.5274530053138733,-0.6466190218925476,0.5510690212249756,0,0,16.425010681152344,0,1,0.9021810293197632,-0.4312559962272644,-0.009341999888420105,0,0.4313479959964752,0.9018089771270752,0.02605699934065342,0,-0.0028119999915361404,-0.02753799967467785,0.9996169805526733,0,0,39.7686882019043,0,1,0.949416995048523,0.16098499298095703,-0.26961201429367065,0,-0.1147330030798912,0.9770659804344177,0.1793839931488037,0,0.2923069894313812,-0.13937699794769287,0.9461129903793335,0,0,40.623146057128906,0,1,0.9989020228385925,0.046477001160383224,0.005950999911874533,0,-0.04649899899959564,0.9675769805908203,0.24825799465179443,0,0.005779999773949385,-0.24826200306415558,0.968675971031189,0,0,18.520959854125977,0,1,0.9968240261077881,0.0782419964671135,0.014826999977231026,0,-0.0789249986410141,0.9458640217781067,0.31481999158859253,0,0.010607999749481678,-0.3149909973144531,0.9490360021591187,0,0,2.42889404296875,0,1,0.9840139746665955,-0.1777610033750534,0.010852999985218048,0,0.17796799540519714,0.9837750196456909,-0.022690000012516975,0,-0.006643000058829784,0.024258000776171684,0.9996839761734009,0,0.14674200117588043,3.652707099914551,-0.39110100269317627,1,-0.9406859874725342,-0.06421700119972229,0.33314499258995056,0,0.15054799616336823,-0.9589669704437256,0.2402459979057312,0,0.30404698848724365,0.2761499881744385,0.9117550253868103,0,14.099204063415527,-7.572951793670654,0.4873479902744293,1,0.9833130240440369,0.11203400045633316,0.14333100616931915,0,-0.058681000024080276,0.941091001033783,-0.3330230116844177,0,-0.17219699919223785,0.3190549910068512,0.9319609999656677,0,0,67.04618072509766,0,1,0.9761319756507874,-0.1567460000514984,-0.15032200515270233,0,0.21712499856948853,0.7194409966468811,0.6597430109977722,0,0.004736000206321478,-0.6766350269317627,0.7363029718399048,0,0,64.694091796875,0,1,0.9194319844245911,0,-0.3932490050792694,0,0.30975499749183655,0.6160809993743896,0.7242209911346436,0,0.2422730028629303,-0.7876819968223572,0.566444993019104,0,0,12.362526893615723,0,1,-0.9186099767684937,0.013300999999046326,-0.3949419856071472,0,-0.10337600111961365,-0.9727180004119873,0.20768700540065765,0,-0.3814049959182739,0.2316109985113144,0.8949229717254639,0,-14.099204063415527,-7.572951793670654,0.44704198837280273,1,0.9831129908561707,-0.011102000251412392,0.18266400694847107,0,0.06625399738550186,0.9520390033721924,-0.2987169921398163,0,-0.17058700323104858,0.305774986743927,0.9366970062255859,0,0,67.04611206054688,0,1,0.9891719818115234,0.10210800170898438,0.10541299730539322,0,-0.1306779980659485,0.28591299057006836,0.9493029713630676,0,0.06679300218820572,-0.9527999758720398,0.2961600124835968,0,0,64.71807098388672,0,1,0.9694989919662476,0,0.24509400129318237,0,-0.10668600350618362,0.9002919793128967,0.4220089912414551,0,-0.22065599262714386,-0.4352859854698181,0.8728330135345459,0,0,22.355493545532227,0,1
K0.133,0.9966170191764832,-0.01707499474287033,0.0803920328617096,0,0.009142990224063396,0.9951429963111877,0.09801201522350311,0,-0.08167503029108047,-0.09694601595401764,0.9919329881668091,0,0.87444007396698,149.92947387695312,-1.5434324741363525,1,0.9996650218963623,0.01936398074030876,0.017183002084493637,0,-0.018038980662822723,0.9970809817314148,-0.07418400794267654,0,-0.01856900192797184,0.07384901493787766,0.9970970153808594,0,0,13.631317138671875,-0.9066920280456543,1,0.9997990131378174,0.014842988923192024,0.01346100214868784,0,-0.014571988955140114,0.9996939897537231,-0.020005008205771446,0,-0.013754001818597317,0.01980500854551792,0.9997090101242065,0,0,15.938353538513184,0,1,0.9998019933700562,0.015272988937795162,0.01275500189512968,0,-0.015014988370239735,0.9996860027313232,-0.02008400857448578,0,-0.013058002106845379,0.01988901011645794,0.9997169971466064,0,0,18.215255737304688,0,1,0.9989640116691589,-0.03471605107188225,-0.029418019577860832,0,0.032934047281742096,0.9977110028266907,-0.05905500799417496,0,0.031401023268699646,0.05802500620484352,0.9978209733963013,0,0,20.492156982421875,0,1,0.9942870140075684,-0.0359761007130146,-0.100490041077137,0,0.03235010430216789,0.998773992061615,-0.03747894987463951,0,0.1017160415649414,0.03401394188404083,0.9942319989204407,0,0,11.188323974609375,0.8124110102653503,1,-0.236689031124115,-0.043995000422000885,-0.9705889821052551,0,0.940559983253479,-0.26081106066703796,-0.21754401922225952,0,-0.2435690462589264,-0.9643869996070862,0.10311101377010345,0,8.006896018981934,18.147985458374023,-0.30256399512290955,1,0.23188099265098572,0.8761049509048462,-0.4226950705051422,0,-0.27804598212242126,0.47610506415367126,0.8342750072479248,0,0.9321600198745728,-0.07592299580574036,0.35399696230888367,0,0,16.42500877380371,0,1,0.9083930253982544,0.41801705956459045,0.009202001616358757,0,-0.4180920720100403,0.9078649878501892,0.03130500391125679,0,0.004732002038508654,-0.032284002751111984,0.9994680285453796,0,0,39.748775482177734,0,1,0.882955014705658,-0.1470070332288742,0.4458479881286621,0,0.12567999958992004,0.9890609979629517,0.07722105830907822,0,-0.45232298970222473,-0.012148050591349602,0.8917719721794128,0,0,40.615203857421875,0,1,0.9978629946708679,-0.0643170028924942,-0.011481000110507011,0,0.06457500159740448,0.9442409873008728,0.3228600025177002,0,-0.009925000369548798,-0.3229120075702667,0.9463769793510437,0,0,18.760311126708984,0,1,0.9973869919776917,-0.07120899856090546,-0.012202000245451927,0,0.07159499824047089,0.9515389800071716,0.29907700419425964,0,-0.009686999954283237,-0.29916900396347046,0.9541509747505188,0,0,2.4333369731903076,0,1,0.9964200258255005,0.08444900065660477,-0.003882999997586012,0,-0.08452100306749344,0.9961050152778625,-0.025111999362707138,0,0.0017470000311732292,0.025350000709295273,0.9996770024299622,0,-0.10917100310325623,3.5798709392547607,-0.33113399147987366,1,0.10415399074554443,-0.05786500126123428,0.9928759932518005,0,-0.956466019153595,-0.2794809341430664,0.08404599875211716,0,0.27262595295906067,-0.9584059715270996,-0.0844539925456047,0,-8.006896018981934,18.128562927246094,-0.010575000196695328,1,0.8282721042633057,-0.5436668395996094,0.13561590015888214,0,0.2189491093158722,0.5368141531944275,0.8147957921028137,0,-0.5157777667045593,-0.6451799869537354,0.5636632442474365,0,0,16.425010681152344,0,1,0.8804215788841248,-0.47407266497612,-0.010657023638486862,0,0.4741736650466919,0.879965603351593,0.028643039986491203,0,-0.004201024770736694,-0.030272042378783226,0.9995329976081848,0,0,39.7686882019043,0,1,0.9463528990745544,0.16540499031543732,-0.27759233117103577,0,-0.13245715200901031,0.9821370840072632,0.13364540040493011,0,0.2947392463684082,-0.08970634639263153,0.9513579607009888,0,0,40.623146057128906,0,1,0.9968590140342712,0.07738121598958969,0.0168561153113842,0,-0.07741721719503403,0.907283365726471,0.41333112120628357,0,0.016691114753484726,-0.4133381247520447,0.9104244112968445,0,0,18.520959854125977,0,1,0.996489942073822,0.08204327523708344,0.016610162332654,0,-0.08284828066825867,0.9382902979850769,0.33577752113342285,0,0.011963129974901676,-0.3359755277633667,0.9417942762374878,0,0,2.42889404296875,0,1,0.9843819737434387,-0.17581084370613098,0.009105874225497246,0,0.1759108304977417,0.9843360185623169,-0.011709164828062057,0,-0.006905012298375368,0.013128153048455715,0.9998900294303894,0,0.14674200117588043,3.652707099914551,-0.39110100269317627,1,-0.9409930109977722,-0.0599929578602314,0.333065003156662,0,0.14736796915531158,-0.9585930109024048,0.2436850368976593,0,0.304654985666275,0.278389036655426,0.9108710289001465,0,14.099204063415527,-7.572951793670654,0.4873479902744293,1,0.9832670092582703,0.11244601011276245,0.14332599937915802,0,-0.05888200178742409,0.9407060146331787,-0.3340740203857422,0,-0.17239299416542053,0.32004404067993164,0.9315860271453857,0,0,67.04618072509766,0,1,0.9762139916419983,-0.15398597717285156,-0.15262699127197266,0,0.21665596961975098,0.7194269895553589,0.6599130034446716,0,0.00818600319325924,-0.677282989025116,0.7356770038604736,0,0,64.694091796875,0,1,0.9194319844245911,0,-0.3932490050792694,0,0.30975499749183655,0.6160809993743896,0.7242199778556824,0,0.2422730028629303,-0.7876819968223572,0.566444993019104,0,0,12.362526893615723,0,1,-0.9175840020179749,0.013365997932851315,-0.39731699228286743,0,-0.1049710139632225,-0.9721099734306335,0.20972202718257904,0,-0.383432000875473,0.23414403200149536,0.8933960199356079,0,-14.099204063415527,-7.572951793670654,0.44704198837280273,1,0.9829009771347046,-0.015067043714225292,0.18351700901985168,0,0.06992103904485703,0.9525359869003296,-0.2962869703769684,0,-0.17034299671649933,0.3040529787540436,0.9373019933700562,0,0,67.04611206054688,0,1,0.9885990023612976,0.10623904317617416,0.10670304298400879,0,-0.13327805697917938,0.2876470386981964,0.9484180212020874,0,0.07006601989269257,-0.9518259763717651,0.2985270321369171,0,0,64.71807098388672,0,1,0.9694989919662476,0,0.24509400129318237,0,-0.10668600350618362,0.9002919793128967,0.4220089912414551,0,-0.22065599262714386,-0.4352859854698181,0.8728330135345459,0,0,22.355493545532227,0,1
