4.000,30,120,33
B0,mixamorig_Hips,-1,0.9957391619682312,0.058007996529340744,0.0716874897480011,0,-0.022711481899023056,0.9076865315437317,-0.4190329611301422,0,-0.08937668055295944,0.4156191349029541,0.9051365256309509,0,0.25247514247894287,89.20194244384766,-31.676082611083984,1
B1,mixamorig_Spine,0,0.9968037605285645,-0.02952965348958969,-0.07423479855060577,0,0.039675597101449966,0.9894770383834839,0.13914313912391663,0,0.06934505701065063,-0.14164455235004425,0.9874861836433411,0,0,13.631317138671875,-0.9066920280456543,1
B2,mixamorig_Spine1,1,0.9998930096626282,0.010267334058880806,-0.010424258187413216,0,-0.006453416775912046,0.9488808512687683,0.31556951999664307,0,0.013131682761013508,-0.31546854972839355,0.948844850063324,0,0,15.938353538513184,0,1
B3,mixamorig_Spine2,2,0.9998660087585449,0.013441340997815132,-0.009326540865004063,0,-0.009813325479626656,0.948874831199646,0.31550052762031555,0,0.013089940883219242,-0.3153665363788605,0.9488797783851624,0,0,18.215255737304688,0,1
B4,mixamorig_Neck,3,0.990165650844574,-0.04221382737159729,-0.13338224589824677,0,0.08134274929761887,0.9493916630744934,0.3033800721168518,0,0.11382555961608887,-0.31124675273895264,0.9434880018234253,0,0,20.492156982421875,0,1
B5,mixamorig_Head,4,0.7702053785324097,-0.3079489767551422,-0.5585249066352844,0,-0.026090795174241066,0.8597661852836609,-0.510020911693573,0,0.6372609734535217,0.4073936939239502,0.6541622281074524,0,0,11.188323974609375,0.8124110102653503,1
B6,mixamorig_HeadTop_End,5,1,0,0,0,0,1,0,0,0,0,1,0,0,39.53343200683594,2.870616912841797,1
B7,mixamorig_LeftShoulder,3,-0.12373753637075424,-0.002013583667576313,-0.9923133254051208,0,0.9621233940124512,-0.245039701461792,-0.11947574466466904,0,-0.2429157793521881,-0.969511091709137,0.03225792944431305,0,8.006896018981934,18.147985458374023,-0.30256399512290955,1
B8,mixamorig_LeftArm,7,0.7970482707023621,0.6033830642700195,-0.025367703288793564,0,-0.4246070384979248,0.5897713303565979,0.6869332194328308,0,0.4294455945491791,-0.5367476940155029,0.7262767553329468,0,0,16.42500877380371,0,1
B9,mixamorig_LeftForeArm,8,0.2804175615310669,0.927086591720581,0.24875079095363617,0,-0.9490325450897217,0.30662450194358826,-0.07293172180652618,0,-0.14388702809810638,-0.21562163531780243,0.9658180475234985,0,0,39.748775482177734,0,1
B10,mixamorig_LeftHand,9,0.748988687992096,-0.06766259670257568,-0.6591182947158813,0,-0.1954885870218277,0.9279230833053589,-0.3174007833003998,0,0.6330872774124146,0.36658018827438354,0.6817770600318909,0,0,40.615203857421875,0,1
B11,mixamorig_LeftHandIndex1,10,1,0,-0.0007999999797903001,0,0,1,0,0,0.0007999999797903001,0,1,0,0,18.760311126708984,0,1
B12,mixamorig_LeftHandIndex2,11,0.9985659718513489,-0.053164999932050705,-0.006281000096350908,0,0.053311001509428024,0.9768279790878296,0.20728200674057007,0,-0.004884008318185806,-0.2073190063238144,0.9782609939575195,0,0,2.4333369731903076,0,1
B13,mixamorig_LeftHandIndex3,12,0.9955769777297974,0.093640998005867,-0.007548999972641468,0,-0.09394200146198273,0.9929370284080505,-0.07246800512075424,0,0.0007099999929778278,0.07285699993371964,0.9973419904708862,0,-0.10917100310325623,3.5798709392547607,-0.33113399147987366,1
B14,mixamorig_LeftHandIndex4,13,1,0,0,0,0,1,0,0,0,0,1,0,0.20510800182819366,2.720046043395996,0.10660000145435333,1
B15,mixamorig_RightShoulder,3,0.023310253396630287,-0.02160324901342392,0.9994950294494629,0,-0.9595591425895691,-0.28103315830230713,0.01630399562418461,0,0.2805391550064087,-0.959455132484436,-0.02728141099214554,0,-8.006896018981934,18.128562927246094,-0.010575000196695328,1
B16,mixamorig_RightArm,15,0.9487547874450684,-0.31028610467910767,-0.05988994240760803,0,0.2540508806705475,0.636195957660675,0.7285006046295166,0,-0.18794164061546326,-0.7063839435577393,0.6824221014976501,0,0,16.425010681152344,0,1
B17,mixamorig_RightForeArm,16,0.2311890721321106,-0.941502034664154,-0.24520504474639893,0,0.9606918096542358,0.2607327401638031,-0.09534231573343277,0,0.1536981165409088,-0.21352407336235046,0.9647713899612427,0,0,39.7686882019043,0,1
B18,mixamorig_RightHand,17,0.7714774012565613,0.199964702129364,0.604016900062561,0,0.12371250241994858,0.8840671181678772,-0.45068877935409546,0,-0.624113917350769,0.42242035269737244,0.6572997570037842,0,0,40.623146057128906,0,1
B19,mixamorig_RightHandIndex1,18,1,-9.999999974752427e-7,0.00008699998579686508,0,9.999999974752427e-7,1,-9.916383305608178e-7,0,-0.00008699998579686508,9.916383305608178e-7,1,0,0,18.520959854125977,0,1
B20,mixamorig_RightHandIndex2,19,0.9965819716453552,0.08102498948574066,0.01612200029194355,0,-0.08179698884487152,0.9403749704360962,0.33015701174736023,0,0.011590000241994858,-0.33034801483154297,0.9437879920005798,0,0,2.42889404296875,0,1
B21,mixamorig_RightHandIndex3,20,0.9842829704284668,-0.17633700370788574,0.009573999792337418,0,0.1764640063047409,0.9841979742050171,-0.014662999659776688,0,-0.006837000139057636,0.01612200029194355,0.9998469948768616,0,0.14674200117588043,3.652707099914551,-0.39110100269317627,1
B22,mixamorig_RightHandIndex4,21,1,0,0,0,0,1,0,0,0,0,1,0,-0.46667900681495667,2.9132699966430664,0.07249800115823746,1
B23,mixamorig_LeftUpLeg,0,-0.9686112403869629,0.01556156761944294,0.24809318780899048,0,0.19866682589054108,-0.5514224171638489,0.8102251291275024,0,0.1494128257036209,0.8340810537338257,0.5310226678848267,0,14.099204063415527,-7.572951793670654,0.4873479902744293,1
B24,mixamorig_LeftLeg,23,0.9957499504089355,0.028289150446653366,-0.08765025436878204,0,-0.08291719108819962,-0.13892807066440582,-0.9868248105049133,0,-0.040093276649713516,0.9898978471755981,-0.13599206507205963,0,0,67.04618072509766,0,1
B25,mixamorig_LeftFoot,24,0.9842529892921448,0.005777841899544001,-0.17667396366596222,0,0.13421151041984558,0.6260246634483337,0.7681673765182495,0,0.11504057049751282,-0.779782235622406,0.6153905987739563,0,0,64.694091796875,0,1
B26,mixamorig_LeftToeBase,25,0.9194319844245911,0,-0.3932490050792694,0,0.30975499749183655,0.6160809993743896,0.7242209911346436,0,0.2422730028629303,-0.7876830101013184,0.566444993019104,0,0,12.362526893615723,0,1
B27,mixamorig_LeftToe_End,26,1,0,0,0,0,1,0,0,0,0,1,0,0,3.764954090118408,0,1
B28,mixamorig_RightUpLeg,0,-0.9765912294387817,0.07181435823440552,-0.20276305079460144,0,-0.21050456166267395,-0.5129697322845459,0.8321952223777771,0,-0.04424796253442764,0.8553969264030457,0.5160793662071228,0,-14.099204063415527,-7.572951793670654,0.44704198837280273,1
B29,mixamorig_RightLeg,28,0.984489917755127,0.17321860790252686,-0.02782176248729229,0,0.0015511708334088326,-0.16717104613780975,-0.9859269857406616,0,-0.1754322350025177,0.9705920815467834,-0.16484637558460236,0,0,67.04611206054688,0,1
B30,mixamorig_RightFoot,29,0.9858462810516357,-0.1409824639558792,0.09072814881801605,0,-0.06116357445716858,0.20142129063606262,0.977593183517456,0,-0.15609829127788544,-0.9693053364753723,0.18994750082492828,0,0,64.71807098388672,0,1
B31,mixamorig_RightToeBase,30,0.9694989919662476,-0.0000019833346414088737,0.24509400129318237,0,-0.10668600350618362,0.9002890586853027,0.4220149517059326,0,-0.22065599262714386,-0.43529194593429565,0.8728299736976624,0,0,22.355493545532227,0,1
B32,mixamorig_RightToe_End,31,1,0,0,0,0,1,0,0,0,0,1,0,0,10.522708892822266,0,1
@28,0,1,2,3,4,5,7,8,9,10,11,12,13,15,16,17,18,19,20,21,23,24,25,26,28,29,30,31
K0.000,0.9953510165214539,0.06024999916553497,0.07514599710702896,0,-0.023050999268889427,0.9065330028533936,-0.42150598764419556,0,-0.09351799637079239,0.4178139865398407,0.9037070274353027,0,0.26418301463127136,89.18325805664062,-31.873353958129883,1,0.9972580075263977,-0.03879699856042862,-0.0630199983716011,0,0.047269001603126526,0.9891570210456848,0.1390479952096939,0,0.05694200098514557,-0.14164499938488007,0.9882779717445374,0,0,13.631317138671875,-0.9066920280456543,1,0.9998030066490173,0.018516000360250473,-0.007160999812185764,0,-0.015274999663233757,0.9478939771652222,0.31821900606155396,0,0.012679999694228172,-0.3180469870567322,0.9479900002479553,0,0,15.938353538513184,0,1,0.9997559785842896,0.021263999864459038,-0.005975000094622374,0,-0.018259000033140182,0.9478880167007446,0.31808000802993774,0,0.012427999638020992,-0.31789299845695496,0.948045015335083,0,0,18.215255737304688,0,1,0.9993489980697632,-0.03562700003385544,0.005754000041633844,0,0.032322000712156296,0.954505980014801,0.29643499851226807,0,-0.01605300046503544,-0.29605600237846375,0.9550359845161438,0,0,20.492156982421875,0,1,0.996159017086029,0.03307399898767471,0.08108100295066833,0,0.00860700011253357,0.8844649791717529,-0.46652698516845703,0,-0.08714299649000168,0.4654330015182495,0.8807830214500427,0,0,11.188323974609375,0.8124110102653503,1,-0.12752799689769745,-0.0019130000146105886,-0.991832971572876,0,0.96002197265625,-0.2514770030975342,-0.12295299768447876,0,-0.24918800592422485,-0.967860996723175,0.033906999975442886,0,8.006896018981934,18.147985458374023,-0.30256399512290955,1,0.8056619763374329,0.5920689702033997,-0.019050000235438347,0,-0.41505900025367737,0.5871559977531433,0.6949629783630371,0,0.422652006149292,-0.5519989728927612,0.7187929749488831,0,0,16.42500877380371,0,1,0.28132399916648865,0.9268440008163452,0.2486329972743988,0,-0.9487619996070862,0.3074980080127716,-0.07276999950408936,0,-0.1439010053873062,-0.21542100608348846,0.9658600091934204,0,0,39.748775482177734,0,1,0.7590910196304321,-0.0649069994688034,-0.6477400064468384,0,-0.19610799849033356,0.9259939789772034,-0.3226099908351898,0,0.6207429766654968,0.3719179928302765,0.690185010433197,0,0,40.615203857421875,0,1,1,0,-0.0007999999797903001,0,0,1,0,0,0.0007999999797903001,0,1,0,0,18.760311126708984,0,1,0.9985659718513489,-0.053164999932050705,-0.006281000096350908,0,0.053311001509428024,0.9768279790878296,0.20728200674057007,0,-0.004885000176727772,-0.2073190063238144,0.9782609939575195,0,0,2.4333369731903076,0,1,0.9955769777297974,0.09364199638366699,-0.007548999972641468,0,-0.09394299983978271,0.9929370284080505,-0.07246799767017365,0,0.0007099999929778278,0.07285699993371964,0.9973419904708862,0,-0.10917100310325623,3.5798709392547607,-0.33113399147987366,1,0.017167000100016594,-0.020399000495672226,0.9996449947357178,0,-0.9594510197639465,-0.2816700041294098,0.010728999972343445,0,0.2813510000705719,-0.9592940211296082,-0.024406999349594116,0,-8.006896018981934,18.128562927246094,-0.010575000196695328,1,0.9423559904098511,-0.3282049894332886,-0.0651639997959137,0,0.27209600806236267,0.6382750272750854,0.72011798620224,0,-0.1947540044784546,-0.6963379979133606,0.6907849907875061,0,0,16.425010681152344,0,1,0.23125599324703217,-0.9414870142936707,-0.24519799649715424,0,0.9606750011444092,0.26079699397087097,-0.09532999992370605,0,0.15369899570941925,-0.21351000666618347,0.964775025844574,0,0,39.7686882019043,0,1,0.7779539823532104,0.20210200548171997,0.5949310064315796,0,0.11273600161075592,0.8865939974784851,-0.4485990107059479,0,-0.6181250214576721,0.4160589873790741,0.6669449806213379,0,0,40.623146057128906,0,1,1,0,0.0000870000003487803,0,0,1,0,0,-0.0000870000003487803,0,1,0,0,18.520959854125977,0,1,0.9965819716453552,0.08102499693632126,0.01612200029194355,0,-0.08179699629545212,0.9403749704360962,0.33015701174736023,0,0.011590000241994858,-0.3303470015525818,0.9437879920005798,0,0,2.42889404296875,0,1,0.9842829704284668,-0.17633700370788574,0.009573999792337418,0,0.1764650046825409,0.9841979742050171,-0.014662999659776688,0,-0.006837000139057636,0.01612200029194355,0.9998469948768616,0,0.14674200117588043,3.652707099914551,-0.39110100269317627,1,-0.9677780270576477,0.01448800042271614,0.2513880133628845,0,0.20161600410938263,-0.5535119771957397,0.8080689907073975,0,0.15085400640964508,0.8327149748802185,0.532755970954895,0,14.099204063415527,-7.572951793670654,0.4873479902744293,1,0.9958779811859131,0.029075000435113907,-0.08591300249099731,0,-0.0811619982123375,-0.13714499771595,-0.9872199892997742,0,-0.04048600047826767,0.990123987197876,-0.13422000408172607,0,0,67.04618072509766,0,1,0.98430997133255,0.0057390001602470875,-0.17635199427604675,0,0.1337440013885498,0.6276519894599915,0.7669190168380737,0,0.11508899927139282,-0.7784730195999146,0.6170369982719421,0,0,64.694091796875,0,1,0.9194319844245911,0,-0.3932490050792694,0,0.30975499749183655,0.6160809993743896,0.7242209911346436,0,0.2422730028629303,-0.7876830101013184,0.5664439797401428,0,0,12.362526893615723,0,1,-0.9757170081138611,0.05584799870848656,-0.21179500222206116,0,-0.21004199981689453,-0.5127840042114258,0.8324270248413086,0,-0.062116000801324844,0.8567000031471252,0.5120620131492615,0,-14.099204063415527,-7.572951793670654,0.44704198837280273,1,0.9843090176582336,0.17642900347709656,-0.002785000018775463,0,0.026739999651908875,-0.16475200653076172,-0.985971987247467,0,-0.17441299557685852,0.9704269766807556,-0.16688500344753265,0,0,67.04611206054688,0,1,0.9822779893875122,-0.14400100708007812,0.11997699737548828,0,-0.08824700117111206,0.2094080001115799,0.9738379716873169,0,-0.16535800695419312,-0.9671670198440552,0.19298900663852692,0,0,64.71807098388672,0,1,0.9694989919662476,-0.000003000000106112566,0.24509499967098236,0,-0.10668600350618362,0.9002879858016968,0.42201900482177734,0,-0.22065700590610504,-0.4352949857711792,0.8728280067443848,0,0,22.355493545532227,0,1
K0.033,0.995369017124176,0.06073600426316261,0.0745139941573143,0,-0.023892007768154144,0.9071059823036194,-0.4202229976654053,0,-0.09311500191688538,0.41649600863456726,0.9043560028076172,0,0.2617669701576233,89.19807434082031,-31.847488403320312,1,0.9972530007362366,-0.04122401773929596,-0.06153998523950577,0,0.04920601472258568,0.9897040128707886,0.1344049572944641,0,0.05536598339676857,-0.13706395030021667,0.9890140295028687,0,0,13.631317138671875,-0.9066920280456543,1,0.9997919797897339,0.019245008006691933,-0.006788996513932943,0,-0.016053007915616035,0.947081983089447,0.3205910325050354,0,0.012598998844623566,-0.32041603326797485,0.9471930265426636,0,0,15.938353538513184,0,1,0.9997429847717285,0.021966004744172096,-0.005624996963888407,0,-0.01900600828230381,0.9470760226249695,0.32044604420661926,0,0.012366998940706253,-0.3202570378780365,0.9472500085830688,0,0,18.215255737304688,0,1,0.9991819858551025,-0.03376398980617523,-0.02225126139819622,0,0.038824062794446945,0.9548839926719666,0.29443198442459106,0,0.01130625233054161,-0.29505500197410583,0.9554129838943481,0,0,20.492156982421875,0,1,0.9970287680625916,-0.04267871752381325,-0.0641283243894577,0,0.007655998691916466,0.8832709193229675,-0.4688010513782501,0,0.07665050774812698,0.4669169485569,0.8809727430343628,0,0,11.188323974609375,0.8124110102653503,1,-0.12626197934150696,-0.0018829996697604656,-0.9919949769973755,0,0.9605929851531982,-0.24985799193382263,-0.12179099023342133,0,-0.24762798845767975,-0.9682809710502625,0.03335599601268768,0,8.006896018981934,18.147985458374023,-0.30256399512290955,1,0.8070070147514343,0.5903069972991943,-0.016639983281493187,0,-0.41446301341056824,0.5862330198287964,0.6960980296134949,0,0.42066699266433716,-0.5548589825630188,0.7177540063858032,0,0,16.42500877380371,0,1,0.28160399198532104,0.9267680048942566,0.2485949993133545,0,-0.9486780166625977,0.30776798725128174,-0.07272099703550339,0,-0.14390499889850616,-0.21535800397396088,0.9658740162849426,0,0,39.748775482177734,0,1,0.7586519718170166,-0.06399699300527573,-0.6483460068702698,0,-0.19776001572608948,0.925586998462677,-0.3227680027484894,0,0.620756983757019,0.37308499217033386,0.6895419955253601,0,0,40.615203857421875,0,1,1,0,-0.0007999999797903001,0,0,1,0,0,0.0007999999797903001,0,1,0,0,18.760311126708984,0,1,0.9985659718513489,-0.053164999932050705,-0.006281000096350908,0,0.053311001509428024,0.9768279790878296,0.20728200674057007,0,-0.004885000176727772,-0.2073190063238144,0.9782609939575195,0,0,2.4333369731903076,0,1,0.9955769777297974,0.093640998005867,-0.007548999972641468,0,-0.09394200146198273,0.9929370284080505,-0.07246799767017365,0,0.0007099999929778278,0.07285699993371964,0.9973419904708862,0,-0.10917100310325623,3.5798709392547607,-0.33113399147987366,1,0.017611008137464523,-0.02060200273990631,0.9996330142021179,0,-0.9584590196609497,-0.2850160300731659,0.011012005619704723,0,0.28468501567840576,-0.9583010077476501,-0.024765003472566605,0,-8.006896018981934,18.128562927246094,-0.010575000196695328,1,0.9421449899673462,-0.3282960057258606,-0.0677180215716362,0,0.2743750214576721,0.6392139792442322,0.7184169888496399,0,-0.19256699085235596,-0.6954330205917358,0.6923080086708069,0,0,16.425010681152344,0,1,0.2303059846162796,-0.9416940212249756,-0.24529899656772614,0,0.9609060287475586,0.25988298654556274,-0.09550599753856659,0,0.1536870002746582,-0.21371400356292725,0.964730978012085,0,0,39.7686882019043,0,1,0.7821729779243469,0.20217099785804749,0.5893489122390747,0,0.10751796513795853,0.887906014919281,-0.4472840130329132,0,-0.6137139797210693,0.41321897506713867,0.6727590560913086,0,0,40.623146057128906,0,1,1,0,0.0000870000003487803,0,0,1,0,0,-0.0000870000003487803,0,1,0,0,18.520959854125977,0,1,0.9965819716453552,0.08102499693632126,0.01612200029194355,0,-0.08179599791765213,0.9403749704360962,0.330157995223999,0,0.011590000241994858,-0.33034801483154297,0.9437879920005798,0,0,2.42889404296875,0,1,0.9842829704284668,-0.17633700370788574,0.009573999792337418,0,0.1764640063047409,0.9841979742050171,-0.014662999659776688,0,-0.006837000139057636,0.01612200029194355,0.9998469948768616,0,0.14674200117588043,3.652707099914551,-0.39110100269317627,1,-0.967972993850708,0.016652017831802368,0.2505030035972595,0,0.19985999166965485,-0.55274897813797,0.8090270161628723,0,0.15193700790405273,0.8331810235977173,0.5317180156707764,0,14.099204063415527,-7.572951793670654,0.4873479902744293,1,0.9957000017166138,0.03010200895369053,-0.08761301636695862,0,-0.08271701633930206,-0.1369599997997284,-0.9871169924736023,0,-0.041713010519742966,0.9901189804077148,-0.13388100266456604,0,0,67.04618072509766,0,1,0.9842820167541504,0.004719991236925125,-0.17654100060462952,0,0.13454900681972504,0.6274620294570923,0.7669339776039124,0,0.11439299583435059,-0.7786329984664917,0.6169649958610535,0,0,64.694091796875,0,1,0.9194319844245911,0,-0.3932490050792694,0,0.30975499749183655,0.6160809993743896,0.7242209911346436,0,0.2422730028629303,-0.7876830101013184,0.566444993019104,0,0,12.362526893615723,0,1,-0.9759439826011658,0.05982903763651848,-0.20965299010276794,0,-0.21030999720096588,-0.5118560194969177,0.8329309821128845,0,-0.05747896060347557,0.8569849729537964,0.5121250152587891,0,-14.099204063415527,-7.572951793670654,0.44704198837280273,1,0.9844120144844055,0.1756329983472824,-0.009271056391298771,0,0.020188942551612854,-0.16520699858665466,-0.9860519766807556,0,-0.17471499741077423,0.9704939723014832,-0.16617800295352936,0,0,67.04611206054688,0,1,0.9836580157279968,-0.14333799481391907,0.10895290970802307,0,-0.0777859091758728,0.20742098987102509,0.9751539826393127,0,-0.16237497329711914,-0.9676939845085144,0.1928810030221939,0,0,64.71807098388672,0,1,0.9694989919662476,0,0.24509400129318237,0,-0.10668600350618362,0.9002900123596191,0.4220150113105774,0,-0.22065599262714386,-0.43529099225997925,0.8728299736976624,0,0,22.355493545532227,0,1
K0.067,0.9953799843788147,0.06120099499821663,0.07398100942373276,0,-0.024644993245601654,0.9075639843940735,-0.419189989566803,0,-0.09279700368642807,0.4154300093650818,0.9048789739608765,0,0.2592620253562927,89.21226501464844,-31.818042755126953,1,0.9972659945487976,-0.04294698312878609,-0.06013001501560211,0,0.05051498860120773,0.9901459813117981,0.13061204552650452,0,0.053928013890981674,-0.1332920491695404,0.9896079897880554,0,0,13.631317138671875,-0.9066920280456543,1,0.9997810125350952,0.019902992993593216,-0.006449003238230944,0,-0.016760991886258125,0.946412980556488,0.32252398133277893,0,0.012523001059889793,-0.32234495878219604,0.9465389847755432,0,0,15.938353538513184,0,1,0.9997310042381287,0.022593993693590164,-0.00529200304299593,0,-0.019681992009282112,0.9464079737663269,0.3223739564418793,0,0.012292001396417618,-0.3221829831600189,0.9465979933738708,0,0,18.215255737304688,0,1,0.9983029961585999,-0.032564010471105576,-0.04827874153852463,0,0.04531993716955185,0.9550650119781494,0.29291102290153503,0,0.036570750176906586,-0.29460200667381287,0.9549199938774109,0,0,20.492156982421875,0,1,0.9737792611122131,-0.1144062876701355,-0.19663168489933014,0,0.007527001202106476,0.880073070526123,-0.4747779369354248,0,0.22736848890781403,0.4608490467071533,0.8578582406044006,0,0,11.188323974609375,0.8124110102653503,1,-0.12537801265716553,-0.0018530003726482391,-0.9921069741249084,0,0.9609760046005249,-0.24877402186393738,-0.12098000943660736,0,-0.24658700823783875,-0.968559980392456,0.03297100216150284,0,8.006896018981934,18.147985458374023,-0.30256399512290955,1,0.8079820275306702,0.5890190005302429,-0.014903017319738865,0,-0.41400301456451416,0.5855389833450317,0.6969550251960754,0,0.41924598813056946,-0.5569570064544678,0.7169600129127502,0,0,16.42500877380371,0,1,0.28177499771118164,0.92672199010849,0.24857400357723236,0,-0.9486269950866699,0.3079319894313812,-0.07269000262022018,0,-0.14390799403190613,-0.21532200276851654,0.9658820033073425,0,0,39.748775482177734,0,1,0.7584239840507507,-0.06316200643777847,-0.6486939787864685,0,-0.19906598329544067,0.9252849817276001,-0.32283198833465576,0,0.6206169724464417,0.3739759922027588,0.6891850233078003,0,0,40.615203857421875,0,1,1,0,-0.0007999999797903001,0,0,1,0,0,0.0007999999797903001,0,1,0,0,18.760311126708984,0,1,0.9985659718513489,-0.053164999932050705,-0.006281000096350908,0,0.05331199988722801,0.9768279790878296,0.20728200674057007,0,-0.004885000176727772,-0.2073190063238144,0.9782609939575195,0,0,2.4333369731903076,0,1,0.9955769777297974,0.09364199638366699,-0.007548999972641468,0,-0.09394299983978271,0.9929370284080505,-0.07246900349855423,0,0.0007099999929778278,0.07285699993371964,0.9973419904708862,0,-0.10917100310325623,3.5798709392547607,-0.33113399147987366,1,0.018342992290854454,-0.020820997655391693,0.9996150135993958,0,-0.9577770233154297,-0.2872779667377472,0.01159199420362711,0,0.2869259715080261,-0.9576209783554077,-0.025210997089743614,0,-8.006896018981934,18.128562927246094,-0.010575000196695328,1,0.9420940279960632,-0.3280029892921448,-0.0698089748620987,0,0.2759469747543335,0.6399419903755188,0.7171670198440552,0,-0.1905590146780014,-0.6949020028114319,0.6933959722518921,0,0,16.425010681152344,0,1,0.22925402224063873,-0.9419220089912415,-0.2454099953174591,0,0.9611600041389465,0.258870005607605,-0.09570000320672989,0,0.153671994805336,-0.21393799781799316,0.964684009552002,0,0,39.7686882019043,0,1,0.7848190069198608,0.20233599841594696,0.5857630372047424,0,0.10400103777647018,0.8887929916381836,-0.4463529884815216,0,-0.6109359860420227,0.4112260341644287,0.6764989495277405,0,0,40.623146057128906,0,1,1,0,0.0000870000003487803,0,0,1,0,0,-0.0000870000003487803,0,1,0,0,18.520959854125977,0,1,0.9965819716453552,0.08102499693632126,0.01612200029194355,0,-0.08179699629545212,0.9403749704360962,0.33015701174736023,0,0.011590000241994858,-0.33034801483154297,0.9437879920005798,0,0,2.42889404296875,0,1,0.9842829704284668,-0.17633700370788574,0.009573999792337418,0,0.1764650046825409,0.9841979742050171,-0.014662000350654125,0,-0.006837000139057636,0.016121000051498413,0.9998469948768616,0,0.14674200117588043,3.652707099914551,-0.39110100269317627,1,-0.9681349992752075,0.01849598065018654,0.24974600970745087,0,0.19834201037883759,-0.5522149801254272,0.8097649812698364,0,0.15289098024368286,0.8334969878196716,0.5309500098228455,0,14.099204063415527,-7.572951793670654,0.4873479902744293,1,0.9955440163612366,0.030973991379141808,-0.08906098455190659,0,-0.08404098451137543,-0.1368499994277954,-0.9870200157165527,0,-0.04275998845696449,0.990106999874115,-0.13363699615001678,0,0,67.04618072509766,0,1,0.9842569828033447,0.0038360089529305696,-0.17670199275016785,0,0.13525700569152832,0.6272069811820984,0.7670180201530457,0,0.11377100646495819,-0.7788429856300354,0.6168140172958374,0,0,64.694091796875,0,1,0.9194319844245911,0,-0.3932490050792694,0,0.30975499749183655,0.6160809993743896,0.7242209911346436,0,0.2422730028629303,-0.7876830101013184,0.566444993019104,0,0,12.362526893615723,0,1,-0.9761180281639099,0.06344996392726898,-0.20777101814746857,0,-0.2105959951877594,-0.5111420154571533,0.8332970142364502,0,-0.05332804098725319,0.8571509718894958,0.5122960209846497,0,-14.099204063415527,-7.572951793670654,0.44704198837280273,1,0.9844650030136108,0.17494000494480133,-0.01496194303035736,0,0.01444705668836832,-0.16563700139522552,-0.9860810041427612,0,-0.17498399317264557,0.9705460071563721,-0.16559100151062012,0,0,67.04611206054688,0,1,0.9847149848937988,-0.14280900359153748,0.09970509260892868,0,-0.06901808828115463,0.20564702153205872,0.9761890172958374,0,-0.15991303324699402,-0.9681500196456909,0.19264699518680573,0,0,64.71807098388672,0,1,0.9694989919662476,0,0.24509400129318237,0,-0.10668600350618362,0.9002919793128967,0.4220089912414551,0,-0.22065599262714386,-0.4352859854698181,0.8728330135345459,0,0,22.355493545532227,0,1
K0.100,0.9953809976577759,0.06156500056385994,0.0736590027809143,0,-0.025165999308228493,0.9077939987182617,-0.4186609983444214,0,-0.09264200180768967,0.41487398743629456,0.9051499962806702,0,0.2557229995727539,89.22554779052734,-31.784494400024414,1,0.9973139762878418,-0.04337500035762787,-0.0590130016207695,0,0.050687000155448914,0.9903929829597473,0.1286579966545105,0,0.05286499857902527,-0.13130399584770203,0.9899320006370544,0,0,13.631317138671875,-0.9066920280456543,1,0.9997730255126953,0.020382000133395195,-0.006200999952852726,0,-0.017280999571084976,0.946071982383728,0.323496013879776,0,0.01245999988168478,-0.32331499457359314,0.9462090134620667,0,0,15.938353538513184,0,1,0.9997220039367676,0.023036999627947807,-0.005024000070989132,0,-0.02017500065267086,0.9460669755935669,0.3233430087566376,0,0.012202000245451927,-0.32315200567245483,0.9462680220603943,0,0,18.215255737304688,0,1,0.9970669746398926,-0.03246299922466278,-0.06930699944496155,0,0.05142800137400627,0.954850971698761,0.29260000586509705,0,0.056678999215364456,-0.295305997133255,0.953719973564148,0,0,20.492156982421875,0,1,0.9385669827461243,-0.17263400554656982,-0.29881399869918823,0,0.007453000172972679,0.8758209943771362,-0.48257800936698914,0,0.3450169861316681,0.45070499181747437,0.8233039975166321,0,0,11.188323974609375,0.8124110102653503,1,-0.12523700296878815,-0.0018309999722987413,-0.9921249747276306,0,0.9610059857368469,-0.24872200191020966,-0.12084999680519104,0,-0.24654200673103333,-0.9685729742050171,0.03290800005197525,0,8.006896018981934,18.147985458374023,-0.30256399512290955,1,0.808264970779419,0.5886420011520386,-0.014441999606788158,0,-0.41381001472473145,0.5853109955787659,0.6972609758377075,0,0.41888999938964844,-0.5575950145721436,0.7166720032691956,0,0,16.42500877380371,0,1,0.2817760109901428,0.92672199010849,0.24857300519943237,0,-0.9486269950866699,0.3079339861869812,-0.07269000262022018,0,-0.14390799403190613,-0.21532100439071655,0.9658820033073425,0,0,39.748775482177734,0,1,0.7585690021514893,-0.06252200156450272,-0.6485859751701355,0,-0.19969099760055542,0.9251829981803894,-0.32273900508880615,0,0.6202390193939209,0.37433600425720215,0.689329981803894,0,0,40.615203857421875,0,1,1,0,-0.0007999999797903001,0,0,1,0,0,0.0007999999797903001,0,1,0,0,18.760311126708984,0,1,0.9985659718513489,-0.05316400155425072,-0.006281000096350908,0,0.053311001509428024,0.9768279790878296,0.20728200674057007,0,-0.004883999936282635,-0.20732000470161438,0.9782609939575195,0,0,2.4333369731903076,0,1,0.9955769777297974,0.093640998005867,-0.007548999972641468,0,-0.09394299983978271,0.9929370284080505,-0.07246900349855423,0,0.0007099999929778278,0.07285699993371964,0.9973419904708862,0,-0.10917100310325623,3.5798709392547607,-0.33113399147987366,1,0.019478000700473785,-0.02105100080370903,0.9995890259742737,0,-0.9576740264892578,-0.2875789999961853,0.012605000287294388,0,0.28719601035118103,-0.9575250148773193,-0.02576100081205368,0,-8.006896018981934,18.128562927246094,-0.010575000196695328,1,0.9423199892044067,-0.3271079957485199,-0.0709419995546341,0,0.2762190103530884,0.6402689814567566,0.7167699933052063,0,-0.18903900682926178,-0.6950230002403259,0.6936910152435303,0,0,16.425010681152344,0,1,0.2281460016965866,-0.9421610236167908,-0.2455260008573532,0,0.9614250063896179,0.2578040063381195,-0.09590599685907364,0,0.153656005859375,-0.21417400240898132,0.9646340012550354,0,0,39.7686882019043,0,1,0.7847399711608887,0.20257599651813507,0.5857869982719421,0,0.1035579964518547,0.8889489769935608,-0.4461449980735779,0,-0.6111130118370056,0.4107699990272522,0.6766160130500793,0,0,40.623146057128906,0,1,1,0,0.0000870000003487803,0,0,1,0,0,-0.0000870000003487803,0,1,0,0,18.520959854125977,0,1,0.9965819716453552,0.08102499693632126,0.01612200029194355,0,-0.08179599791765213,0.9403749704360962,0.330157995223999,0,0.011590000241994858,-0.33034801483154297,0.9437879920005798,0,0,2.42889404296875,0,1,0.9842829704284668,-0.17633700370788574,0.00957299955189228,0,0.1764650046825409,0.9841979742050171,-0.014662000350654125,0,-0.006837000139057636,0.016121000051498413,0.9998469948768616,0,0.14674200117588043,3.652707099914551,-0.39110100269317627,1,-0.9682289958000183,0.019632000476121902,0.24929499626159668,0,0.19737699627876282,-0.5521199703216553,0.810064971446991,0,0.15354399383068085,0.8335340023040771,0.5307030081748962,0,14.099204063415527,-7.572951793670654,0.4873479902744293,1,0.9954450130462646,0.03151100128889084,-0.08998200297355652,0,-0.08488199859857559,-0.13685199618339539,-0.9869480133056641,0,-0.043414000421762466,0.990090012550354,-0.13355299830436707,0,0,67.04618072509766,0,1,0.9842410087585449,0.003254000097513199,-0.17680199444293976,0,0.13574400544166565,0.6268680095672607,0.7672100067138672,0,0.1133280023932457,-0.7791190147399902,0.6165469884872437,0,0,64.694091796875,0,1,0.9194319844245911,0,-0.3932490050792694,0,0.30975499749183655,0.6160809993743896,0.7242209911346436,0,0.2422730028629303,-0.7876819968223572,0.566444993019104,0,0,12.362526893615723,0,1,-0.976207971572876,0.06599599868059158,-0.20654800534248352,0,-0.2108680009841919,-0.5108739733695984,0.8333920240402222,0,-0.05051900073885918,0.8571180105209351,0.5126360058784485,0,-14.099204063415527,-7.572951793670654,0.44704198837280273,1,0.9844849705696106,0.17447000741958618,-0.01867000013589859,0,0.01071999967098236,-0.16600699722766876,-0.9860659837722778,0,-0.17513899505138397,0.9705680012702942,-0.16530199348926544,0,0,67.04611206054688,0,1,0.9852799773216248,-0.1425900012254715,0.09429600089788437,0,-0.06391000002622604,0.20436100661754608,0.9768069982528687,0,-0.15855300426483154,-0.9684550166130066,0.19223999977111816,0,0,64.71807098388672,0,1,0.9694989919662476,-0.0000019999999949504854,0.24509400129318237,0,-0.10668600350618362,0.9002900123596191,0.4220150113105774,0,-0.22065599262714386,-0.43529099225997925,0.8728299736976624,0,0,22.355493545532227,0,1
K0.133,0.9953780174255371,0.06173799932003021,0.0735659971833229,0,-0.025348002091050148,0.9077190160751343,-0.41881299018859863,0,-0.09263399988412857,0.415012001991272,0.9050880074501038,0,0.25001293420791626,89.23757934570312,-31.748085021972656,1,0.9973880052566528,-0.04216698557138443,-0.0586480051279068,0,0.049464985728263855,0.9903929829597473,0.12913499772548676,0,0.052639007568359375,-0.13169899582862854,0.989890992641449,0,0,13.631317138671875,-0.9066920280456543,1,0.999770998954773,0.020514998584985733,-0.00614900141954422,0,-0.017427997663617134,0.9461680054664612,0.32320699095726013,0,0.012449000962078571,-0.3230249881744385,0.9463080167770386,0,0,15.938353538513184,0,1,0.9997199773788452,0.023144997656345367,-0.004926000721752644,0,-0.020312998443841934,0.9461619853973389,0.3230539858341217,0,0.012137999758124352,-0.32286399602890015,0.9463679790496826,0,0,18.215255737304688,0,1,0.9960179924964905,-0.03368701413273811,-0.08254110813140869,0,0.05663004890084267,0.9541440010070801,0.29394400119781494,0,0.06885410100221634,-0.2974480390548706,0.9522519707679749,0,0,20.492156982421875,0,1,0.9099177122116089,-0.2080092877149582,-0.3588624894618988,0,0.0068999831564724445,0.872639000415802,-0.48831602931022644,0,0.41473257541656494,0.4418509006500244,0.7954647541046143,0,0,11.188323974609375,0.8124110102653503,1,-0.12598401308059692,-0.001818999880924821,-0.9920309782028198,0,0.9606119990348816,-0.2499060183763504,-0.1215360090136528,0,-0.2476930171251297,-0.9682679772377014,0.03323200345039368,0,8.006896018981934,18.147985458374023,-0.30256399512290955,1,0.8075760006904602,0.5895609855651855,-0.015487009659409523,0,-0.4141780138015747,0.5856410264968872,0.6967650055885315,0,0.419854998588562,-0.5562760233879089,0.7171319723129272,0,0,16.42500877380371,0,1,0.28171199560165405,0.926738977432251,0.24858100712299347,0,-0.9486460089683533,0.3078719973564148,-0.07270099967718124,0,-0.14390699565410614,-0.21533499658107758,0.9658790230751038,0,0,39.748775482177734,0,1,0.7591000199317932,-0.06227799877524376,-0.6479880213737488,0,-0.19936500489711761,0.925341010093689,-0.3224849998950958,0,0.6196939945220947,0.3739849925041199,0.6900110244750977,0,0,40.615203857421875,0,1,1,0,-0.0007999999797903001,0,0,1,0,0,0.0007999999797903001,0,1,0,0,18.760311126708984,0,1,0.9985659718513489,-0.05316400155425072,-0.006281000096350908,0,0.053311001509428024,0.9768279790878296,0.20728200674057007,0,-0.004885000176727772,-0.2073190063238144,0.9782609939575195,0,0,2.4333369731903076,0,1,0.9955769777297974,0.093640998005867,-0.007548999972641468,0,-0.09394200146198273,0.9929370284080505,-0.07246900349855423,0,0.0007099999929778278,0.07285699993371964,0.9973419904708862,0,-0.10917100310325623,3.5798709392547607,-0.33113399147987366,1,0.02081300877034664,-0.02125300094485283,0.9995570182800293,0,-0.9581999778747559,-0.2857629954814911,0.013876008801162243,0,0.2853419780731201,-0.9580649733543396,-0.02631300315260887,0,-8.006896018981934,18.128562927246094,-0.010575000196695328,1,0.9428409934043884,-0.3256700038909912,-0.0706389918923378,0,0.27491599321365356,0.6403430104255676,0.7172039747238159,0,-0.1883389949798584,-0.6956300139427185,0.6932730078697205,0,0,16.425010681152344,0,1,0.227183997631073,-0.9423670172691345,-0.2456270009279251,0,0.9616559743881226,0.25687798857688904,-0.09608399868011475,0,0.15364299714565277,-0.21437999606132507,0.9645910263061523,0,0,39.7686882019043,0,1,0.7810569405555725,0.20278400182724,0.5906170606613159,0,0.1072840541601181,0.8881670236587524,-0.44682198762893677,0,-0.6151750683784485,0.41235703229904175,0.6719529628753662,0,0,40.623146057128906,0,1,1,0,0.0000870000003487803,0,0,1,0,0,-0.0000870000003487803,0,1,0,0,18.520959854125977,0,1,0.9965819716453552,0.08102499693632126,0.01612200029194355,0,-0.08179599791765213,0.9403749704360962,0.330157995223999,0,0.011590000241994858,-0.33034801483154297,0.9437879920005798,0,0,2.42889404296875,0,1,0.9842829704284668,-0.17633700370788574,0.009573999792337418,0,0.1764640063047409,0.9841979742050171,-0.014662999659776688,0,-0.006837000139057636,0.01612200029194355,0.9998469948768616,0,0.14674200117588043,3.652707099914551,-0.39110100269317627,1,-0.9682310223579407,0.019742999225854874,0.2492769956588745,0,0.1972150057554245,-0.5525929927825928,0.8097820281982422,0,0.15373599529266357,0.8332170248031616,0.5311440229415894,0,14.099204063415527,-7.572951793670654,0.4873479902744293,1,0.9954339861869812,0.031516000628471375,-0.09010100364685059,0,-0.08499400317668915,-0.13697700202465057,-0.9869210124015808,0,-0.04344499856233597,0.990073025226593,-0.13367299735546112,0,0,67.04618072509766,0,1,0.9842399954795837,0.0031730011105537415,-0.17680999636650085,0,0.13585899770259857,0.6264650225639343,0.7675179839134216,0,0.11320099979639053,-0.7794430255889893,0.616159975528717,0,0,64.694091796875,0,1,0.9194319844245911,0,-0.3932490050792694,0,0.30975499749183655,0.6160809993743896,0.7242209911346436,0,0.2422730028629303,-0.7876830101013184,0.5664439797401428,0,0,12.362526893615723,0,1,-0.9762020111083984,0.06711600720882416,-0.2062149941921234,0,-0.21113599836826324,-0.5112180113792419,0.8331130146980286,0,-0.04950499162077904,0.8568260073661804,0.5132229924201965,0,-14.099204063415527,-7.572951793670654,0.44704198837280273,1,0.984495997428894,0.17429600656032562,-0.019690005108714104,0,0.009718995541334152,-0.1662829965353012,-0.9860299825668335,0,-0.17513500154018402,0.9705520272254944,-0.1653990000486374,0,0,67.04611206054688,0,1,0.9852439761161804,-0.14279699325561523,0.09435800462961197,0,-0.06402400881052017,0.20378999412059784,0.9769189953804016,0,-0.15873099863529205,-0.9685440063476562,0.19164100289344788,0,0,64.71807098388672,0,1,0.9694989919662476,-0.000003999979981017532,0.24509499967098236,0,-0.10668600350618362,0.9002860188484192,0.4220220148563385,0,-0.22065700590610504,-0.43529799580574036,0.8728259801864624,0,0,22.355493545532227,0,1
