4.100,30,122,33
B0,mixamorig_Hips,-1,0.9987611770629883,-0.029976271092891693,-0.039652127772569656,0,0.029046600684523582,0.9992940425872803,-0.02381342276930809,0,0.04033821076154709,0.02263091877102852,0.9989268183708191,0,-0.8990386724472046,150.1809539794922,1.2192548513412476,1
B1,mixamorig_Spine,0,0.9991907477378845,-0.040116555988788605,-0.002629940863698721,0,0.039778389036655426,0.9960066080093384,-0.07992508262395859,0,0.005826111882925034,0.0797552540898323,0.9967970848083496,0,0,13.631317138671875,-0.9066920280456543,1
B2,mixamorig_Spine1,1,0.9986925721168518,-0.05056415870785713,-0.007276385091245174,0,0.05034824088215828,0.9983587861061096,-0.02725541777908802,0,0.008642886765301228,0.026851747184991837,0.9996014833450317,0,0,15.938353538513184,0,1
B3,mixamorig_Spine2,2,0.9986921548843384,-0.050556160509586334,-0.00741155119612813,0,0.05033724009990692,0.9983597993850708,-0.02723216824233532,0,0.008776052854955196,0.026822663843631744,0.9996010661125183,0,0,18.215255737304688,0,1
B4,mixamorig_Neck,3,0.9988788366317749,0.04579118266701698,-0.0117061547935009,0,-0.0449795164167881,0.9970521926879883,0.06209865212440491,0,0.014515312388539314,-0.06150223687291145,0.9980014562606812,0,0,20.492156982421875,0,1
B5,mixamorig_Head,4,0.9929625988006592,0.012777634896337986,-0.1176174208521843,0,-0.00853697583079338,0.9992960691452026,0.03652435913681984,0,0.1180003359913826,-0.03526019677519798,0.9923729300498962,0,0,11.188323974609375,0.8124110102653503,1
B6,mixamorig_HeadTop_End,5,1,0,0,0,0,1,0,0,0,0,1,0,0,39.53343200683594,2.870616912841797,1
B7,mixamorig_LeftShoulder,3,-0.1226971447467804,0.017706336453557014,-0.9922859072685242,0,0.9021670818328857,-0.41466251015663147,-0.1189531460404396,0,-0.4135701656341553,-0.9098028540611267,0.03490348532795906,0,8.006896018981934,18.147985458374023,-0.30256399512290955,1
B8,mixamorig_LeftArm,7,0.9334714412689209,0.2806619703769684,-0.22321832180023193,0,-0.026567639783024788,0.6748267412185669,0.7374569177627563,0,0.357590913772583,-0.6824819445610046,0.6374211311340332,0,0,16.42500877380371,0,1
B9,mixamorig_LeftForeArm,8,0.9001197218894958,0.43547388911247253,0.009821180254220963,0,-0.4355517029762268,0.8995447158813477,0.032612863928079605,0,0.005370847415179014,-0.033633362501859665,0.9994199872016907,0,0,39.748775482177734,0,1
B10,mixamorig_LeftHand,9,0.9477498531341553,-0.14945583045482635,0.28163594007492065,0,0.18891635537147522,0.9747412204742432,-0.11877899616956711,0,-0.2567899823188782,0.16581377387046814,0.9520429968833923,0,0,40.615203857421875,0,1
B11,mixamorig_LeftHandIndex1,10,0.9978020191192627,-0.06520199775695801,-0.011785999871790409,0,0.06546399742364883,0.9426485896110535,0.3273044228553772,0,-0.010231000371277332,-0.3273564279079437,0.9448455572128296,0,0,18.760311126708984,0,1
B12,mixamorig_LeftHandIndex2,11,0.995386004447937,-0.09333200007677078,-0.022244000807404518,0,0.0941770002245903,0.9060959815979004,0.4124569892883301,0,-0.01834000088274479,-0.412649005651474,0.9107059836387634,0,0,2.4333369731903076,0,1
B13,mixamorig_LeftHandIndex3,12,0.9988369941711426,0.047832999378442764,0.006010999903082848,0,-0.04818499833345413,0.9865495562553406,0.1561994105577469,0,0.0015409999759867787,-0.1563074141740799,0.9877070188522339,0,-0.10917100310325623,3.5798709392547607,-0.33113399147987366,1
B14,mixamorig_LeftHandIndex4,13,1,0,0,0,0,1,0,0,0,0,1,0,0.20510800182819366,2.720046043395996,0.10660000145435333,1
B15,mixamorig_RightShoulder,3,-0.10427119582891464,-0.00828394666314125,0.994513750076294,0,-0.9095933437347412,-0.4035884737968445,-0.09873136878013611,0,0.40219199657440186,-0.9148991107940674,0.034545548260211945,0,-8.006896018981934,18.128562927246094,-0.010575000196695328,1
B16,mixamorig_RightArm,15,0.6892668604850769,0.010616295970976353,-0.7243905663490295,0,0.23832713067531586,0.9408981800079346,0.24048730731010437,0,0.6841145753860474,-0.3384283781051636,0.646023690700531,0,0,16.425010681152344,0,1
B17,mixamorig_RightForeArm,16,0.1562630832195282,-0.985323965549469,-0.05440027639269829,0,0.9855343103408813,0.15301008522510529,0.05953206121921539,0,-0.05044085159897804,-0.06291647255420685,0.9967395663261414,0,0,39.7686882019043,0,1
B18,mixamorig_RightHand,17,0.9903296232223511,-0.09068658947944641,0.10452742129564285,0,0.13489411771297455,0.804912269115448,-0.5763002038002014,0,-0.0320926308631897,0.5848270654678345,0.8093852400779724,0,0,40.623146057128906,0,1
B19,mixamorig_RightHandIndex1,18,0.9998109936714172,0.01943083480000496,0.0010979999788105488,0,-0.019439833238720894,0.9944086074829102,0.10379433631896973,0,0.0009250000002793968,-0.1037963330745697,0.9945985674858093,0,0,18.520959854125977,0,1
B20,mixamorig_RightHandIndex2,19,0.9982389807701111,0.05887441709637642,0.007269416935741901,0,-0.05909283459186554,0.9761525988578796,0.20888733863830566,0,0.00520200002938509,-0.20894934237003326,0.9779126048088074,0,0,2.42889404296875,0,1
B21,mixamorig_RightHandIndex3,20,0.982138991355896,-0.18711000680923462,0.01981358230113983,0,0.18808957934379578,0.9791349768638611,-0.07692033052444458,0,-0.005007999949157238,0.07927274703979492,0.9968404173851013,0,0.14674200117588043,3.652707099914551,-0.39110100269317627,1
B22,mixamorig_RightHandIndex4,21,1,0,0,0,0,1,0,0,0,0,1,0,-0.46667900681495667,2.9132699966430664,0.07249800115823746,1
B23,mixamorig_LeftUpLeg,0,-0.9972355961799622,-0.06036389246582985,0.043307770043611526,0,0.06224014237523079,-0.99711674451828,0.04338871315121651,0,0.04056251421570778,0.04596329107880592,0.9981181621551514,0,14.099204063415527,-7.572951793670654,0.4873479902744293,1
B24,mixamorig_LeftLeg,23,0.9962726831436157,-0.03377639129757881,-0.07935447990894318,0,0.017228372395038605,0.9795185327529907,-0.20061220228672028,0,0.08450557291507721,0.19849637150764465,0.9764500260353088,0,0,67.04618072509766,0,1
B25,mixamorig_LeftFoot,24,0.9845979809761047,0.006899590138345957,-0.17469683289527893,0,0.11215507984161377,0.7416032552719116,0.661397397518158,0,0.134118914604187,-0.6708036065101624,0.7294067740440369,0,0,64.694091796875,0,1
B26,mixamorig_LeftToeBase,25,0.9191697835922241,0.003042493248358369,-0.3938499987125397,0,0.30974340438842773,0.612080991268158,0.7276098132133484,0,0.24328124523162842,-0.7907893657684326,0.5616636872291565,0,0,12.362526893615723,0,1
B27,mixamorig_LeftToe_End,26,1,0,0,0,0,1,0,0,0,0,1,0,0,3.764954090118408,0,1
B28,mixamorig_RightUpLeg,0,-0.986893892288208,-0.026657400652766228,-0.15911468863487244,0,0.03353124484419823,-0.9986087679862976,-0.04066375270485878,0,-0.15780918300151825,-0.04547060281038284,0.9864169359207153,0,-14.099204063415527,-7.572951793670654,0.44704198837280273,1
B29,mixamorig_RightLeg,28,0.9995918273925781,-0.016223067417740822,0.023468386381864548,0,0.017463820055127144,0.9984050989151001,-0.05367940664291382,0,-0.022560883313417435,0.05406807363033295,0.9982818365097046,0,0,67.04611206054688,0,1
B30,mixamorig_RightFoot,29,0.9977394938468933,0.02761959284543991,0.06126216799020767,0,-0.06720008701086044,0.405636191368103,0.9115606546401978,0,0.0003267566207796335,-0.9136170744895935,0.40657562017440796,0,0,64.71807098388672,0,1
B31,mixamorig_RightToeBase,30,0.9689894318580627,-0.00306733138859272,0.2470824122428894,0,-0.10673575103282928,0.8966323733329773,0.4297190010547638,0,-0.2228601574897766,-0.44276559352874756,0.8684993982315063,0,0,22.355493545532227,0,1
B32,mixamorig_RightToe_End,31,1,0,0,0,0,1,0,0,0,0,1,0,0,10.522708892822266,0,1
@28,0,1,2,3,4,5,7,8,9,10,11,12,13,15,16,17,18,19,20,21,23,24,25,26,28,29,30,31
K0.000,0.9998090267181396,-0.007786999922245741,-0.017913000658154488,0,0.007304999977350235,0.9996140003204346,-0.026792999356985092,0,0.01811400055885315,0.026657000184059143,0.9994810223579407,0,-0.17528699338436127,150.27999877929688,2.2988319396972656,1,0.9998520016670227,-0.01706800051033497,-0.0020699999295175076,0,0.01685900054872036,0.99692302942276,-0.076555997133255,0,0.0033710000570863485,0.0765099972486496,0.9970629811286926,0,0,13.631317138671875,-0.9066920280456543,1,0.9996500015258789,-0.025902999565005302,-0.0054060001857578754,0,0.025787999853491783,0.999459981918335,-0.0203660000115633,0,0.005931000225245953,0.020219000056385994,0.9997779726982117,0,0,15.938353538513184,0,1,0.9996500015258789,-0.025902999565005302,-0.005425000097602606,0,0.025787999853491783,0.999459981918335,-0.020361000671982765,0,0.005948999896645546,0.020214000716805458,0.9997779726982117,0,0,18.215255737304688,0,1,0.9988970160484314,0.04326599836349487,0.018247999250888824,0,-0.04456799849867821,0.995934009552002,0.07828599959611893,0,-0.014786999672651291,-0.07901199907064438,0.9967640042304993,0,0,20.492156982421875,0,1,0.9996629953384399,0.02482300065457821,0.007660999894142151,0,-0.024607999250292778,0.999334990978241,-0.026916999369859695,0,-0.008324000053107738,0.026719000190496445,0.9996079802513123,0,0,11.188323974609375,0.8124110102653503,1,-0.09199699759483337,0.019694000482559204,-0.9955639839172363,0,0.9044700264930725,-0.4165380001068115,-0.09181900322437286,0,-0.41649898886680603,-0.908905029296875,0.020508000627160072,0,8.006896018981934,18.147985458374023,-0.30256399512290955,1,0.8630840182304382,0.34314200282096863,-0.37059399485588074,0,0.09833499789237976,0.6055499911308289,0.7897080183029175,0,0.4953950047492981,-0.7180269956588745,0.48889800906181335,0,0,16.42500877380371,0,1,0.9400849938392639,0.34087300300598145,0.006827999837696552,0,-0.3409329950809479,0.9397410154342651,0.025527000427246094,0,0.0022849999368190765,-0.026326000690460205,0.9996510148048401,0,0,39.748775482177734,0,1,0.9735080003738403,-0.14167599380016327,0.17947499454021454,0,0.15767699480056763,0.9843890070915222,-0.07820399850606918,0,-0.1655929982662201,0.10443100333213806,0.9806489944458008,0,0,40.615203857421875,0,1,0.9978020191192627,-0.06520199775695801,-0.011785999871790409,0,0.06546399742364883,0.9426479935646057,0.32730498909950256,0,-0.010231000371277332,-0.3273569941520691,0.9448450207710266,0,0,18.760311126708984,0,1,0.995386004447937,-0.09333200007677078,-0.022244000807404518,0,0.0941770002245903,0.9060959815979004,0.4124569892883301,0,-0.01834000088274479,-0.412649005651474,0.9107059836387634,0,0,2.4333369731903076,0,1,0.9988369941711426,0.04783400148153305,0.006010999903082848,0,-0.04818499833345413,0.986549973487854,0.15619899332523346,0,0.0015409999759867787,-0.15630699694156647,0.9877070188522339,0,-0.10917100310325623,3.5798709392547607,-0.33113399147987366,1,-0.11714000254869461,-0.004141000099480152,0.99310702085495,0,-0.9027900099754333,-0.41624200344085693,-0.10822200030088425,0,0.4138210117816925,-0.9092440009117126,0.04501999914646149,0,-8.006896018981934,18.128562927246094,-0.010575000196695328,1,0.7101939916610718,-0.4726420044898987,0.5217599868774414,0,-0.14688000082969666,0.6253439784049988,0.766402006149292,0,-0.6885129809379578,-0.620930016040802,0.37469398975372314,0,0,16.425010681152344,0,1,0.8447009921073914,-0.5350859761238098,-0.012814999558031559,0,0.5351999998092651,0.8441069722175598,0.032329000532627106,0,-0.00648199999704957,-0.03416699916124344,0.9993950128555298,0,0,39.7686882019043,0,1,0.9283940196037292,0.0021349999587982893,-0.3715919852256775,0,-0.021796999499201775,0.99857497215271,-0.04871999844908714,0,0.37095901370048523,0.05333099886775017,0.9271169900894165,0,0,40.623146057128906,0,1,0.9998109936714172,0.019432000815868378,0.0010979999788105488,0,-0.019440999254584312,0.9944080114364624,0.1037990003824234,0,0.0009250000002793968,-0.10380099713802338,0.9945979714393616,0,0,18.520959854125977,0,1,0.9982389807701111,0.05887499824166298,0.007269999943673611,0,-0.05909400060772896,0.9761520028114319,0.20889200270175934,0,0.00520200002938509,-0.20895299315452576,0.9779120087623596,0,0,2.42889404296875,0,1,0.982138991355896,-0.18710899353027344,0.019812999293208122,0,0.18808899819850922,0.9791349768638611,-0.07691799849271774,0,-0.005007999949157238,0.07927100360393524,0.9968410134315491,0,0.14674200117588043,3.652707099914551,-0.39110100269317627,1,-0.9994149804115295,-0.026151999831199646,0.022019000723958015,0,0.025862999260425568,-0.999576985836029,-0.01331000030040741,0,0.0223580002784729,-0.012733000330626965,0.9996690154075623,0,14.099204063415527,-7.572951793670654,0.4873479902744293,1,0.999085009098053,-0.0134699996560812,-0.040591999888420105,0,0.008666000328958035,0.9931769967079163,-0.11629000306129456,0,0.041882000863552094,0.11583200097084045,0.9923850297927856,0,0,67.04618072509766,0,1,0.9845730066299438,-0.002630000002682209,-0.17495200037956238,0,0.11517900228500366,0.7624359726905823,0.6367300152778625,0,0.13171599805355072,-0.6470580101013184,0.7509769797325134,0,0,64.694091796875,0,1,0.9189919829368591,0.00508899986743927,-0.394243985414505,0,0.30973899364471436,0.6093810200691223,0.7298740148544312,0,0.2439589947462082,-0.7928609848022461,0.5584400296211243,0,0,12.362526893615723,0,1,-0.9946140050888062,0.003467000089585781,-0.10358799993991852,0,0.0011520000407472253,-0.9990090131759644,-0.044498998671770096,0,-0.10363999754190445,-0.04437800124287605,0.9936239719390869,0,-14.099204063415527,-7.572951793670654,0.44704198837280273,1,0.9999020099639893,-0.010979999788105488,-0.00868299975991249,0,0.010352999903261662,0.99754399061203,-0.06926900148391724,0,0.009421999566257,0.06917200237512589,0.9975600242614746,0,0,67.04611206054688,0,1,0.9976570010185242,0.028971999883651733,0.06198300048708916,0,-0.0683630034327507,0.3852899968624115,0.9202600121498108,0,0.0027799999807029963,-0.922340989112854,0.3863680064678192,0,0,64.71807098388672,0,1,0.9694539904594421,-0.0007789999945089221,0.24527299404144287,0,-0.10672099888324738,0.8990330100059509,0.4246770143508911,0,-0.2208389937877655,-0.4378809928894043,0.8714879751205444,0,0,22.355493545532227,0,1
K0.033,0.9997940063476562,-0.00793400127440691,-0.018670005723834038,0,0.007420001085847616,0.9995959997177124,-0.02743200771510601,0,0.018880005925893784,0.027288006618618965,0.9994490146636963,0,-0.18869611620903015,150.2830352783203,2.3219289779663086,1,0.9998559951782227,-0.016854997724294662,-0.001798997982405126,0,0.01666799746453762,0.9969310164451599,-0.0764859989285469,0,0.0030819978564977646,0.07644499838352203,0.9970690011978149,0,0,13.631317138671875,-0.9066920280456543,1,0.9996640086174011,-0.025482993572950363,-0.004841995891183615,0,0.025380995124578476,0.9994760155677795,-0.020107995718717575,0,0.00535199511796236,0.019978998228907585,0.9997860193252563,0,0,15.938353538513184,0,1,0.9996629953384399,-0.025482993572950363,-0.004859996028244495,0,0.02537999488413334,0.9994760155677795,-0.020104996860027313,0,0.005369995255023241,0.019974997267127037,0.9997860193252563,0,0,18.215255737304688,0,1,0.9989280104637146,0.04270699620246887,0.017840998247265816,0,-0.04397699609398842,0.9959700107574463,0.0781640037894249,0,-0.0144309988245368,-0.07886500656604767,0.9967809915542603,0,0,20.492156982421875,0,1,0.9996430277824402,0.025730999186635017,0.007191000040620565,0,-0.025522999465465546,0.9992930293083191,-0.02760300785303116,0,-0.0078959995880723,0.027410008013248444,0.9995930194854736,0,0,11.188323974609375,0.8124110102653503,1,-0.09292399883270264,0.01961600035429001,-0.9954800009727478,0,0.9044100046157837,-0.41648799180984497,-0.09262999892234802,0,-0.4164220094680786,-0.9089300036430359,0.02096099965274334,0,8.006896018981934,18.147985458374023,-0.30256399512290955,1,0.8629350066184998,0.3438420295715332,-0.37029099464416504,0,0.09813600033521652,0.6048039793968201,0.7903050184249878,0,0.49569302797317505,-0.7183210253715515,0.4881629943847656,0,0,16.42500877380371,0,1,0.9401339888572693,0.340736985206604,0.006825000047683716,0,-0.3407979905605316,0.9397900104522705,0.025516999885439873,0,0.0022810001391917467,-0.026314999908208847,0.9996510148048401,0,0,39.748775482177734,0,1,0.9739729762077332,-0.14126598834991455,0.1772579848766327,0,0.1567389816045761,0.9846739768981934,-0.07648900151252747,0,-0.1637360006570816,0.10228099673986435,0.9811879992485046,0,0,40.615203857421875,0,1,0.9978020191192627,-0.06520199775695801,-0.011784999631345272,0,0.06546399742364883,0.9426490068435669,0.32730400562286377,0,-0.010231999680399895,-0.3273560106754303,0.944845974445343,0,0,18.760311126708984,0,1,0.995386004447937,-0.09333200007677078,-0.022244000807404518,0,0.09417799860239029,0.9060959815979004,0.4124569892883301,0,-0.01834000088274479,-0.412649005651474,0.9107059836387634,0,0,2.4333369731903076,0,1,0.9988369941711426,0.047832999378442764,0.006010999903082848,0,-0.04818499833345413,0.986549973487854,0.15619899332523346,0,0.0015409999759867787,-0.15630699694156647,0.9877070188522339,0,-0.10917100310325623,3.5798709392547607,-0.33113399147987366,1,-0.11654099076986313,-0.004274001810699701,0.9931769967079163,0,-0.9028429985046387,-0.41625499725341797,-0.10773298889398575,0,0.413875013589859,-0.9092379808425903,0.04465199634432793,0,-8.006896018981934,18.128562927246094,-0.010575000196695328,1,0.7111480236053467,-0.47293099761009216,0.5201969742774963,0,-0.1454629898071289,0.6249309778213501,0.7670080065727234,0,-0.6878290176391602,-0.6211259961128235,0.37562501430511475,0,0,16.425010681152344,0,1,0.8451849818229675,-0.5343210101127625,-0.012785999104380608,0,0.534434974193573,0.8445929884910583,0.032283999025821686,0,-0.006450999062508345,-0.03411899879574776,0.9993969798088074,0,0,39.7686882019043,0,1,0.9283350110054016,0.0023479964584112167,-0.37173599004745483,0,-0.022570006549358368,0.9984909892082214,-0.05005902796983719,0,0.37105798721313477,0.05486202985048294,0.9269880056381226,0,0,40.623146057128906,0,1,0.9998109936714172,0.019432000815868378,0.0010979999788105488,0,-0.019440999254584312,0.9944080114364624,0.1037990003824234,0,0.0009250000002793968,-0.10379999876022339,0.9945979714393616,0,0,18.520959854125977,0,1,0.9982389807701111,0.05887499824166298,0.007269999943673611,0,-0.05909400060772896,0.9761520028114319,0.20889200270175934,0,0.00520200002938509,-0.20895400643348694,0.9779120087623596,0,0,2.42889404296875,0,1,0.982138991355896,-0.18711000680923462,0.019812999293208122,0,0.18808899819850922,0.9791349768638611,-0.07691799849271774,0,-0.005007999949157238,0.07927100360393524,0.9968410134315491,0,0.14674200117588043,3.652707099914551,-0.39110100269317627,1,-0.9994109869003296,-0.0264390017837286,0.021866003051400185,0,0.026134001091122627,-0.9995589852333069,-0.014111007563769817,0,0.022230004891753197,-0.013531006872653961,0.9996610283851624,0,14.099204063415527,-7.572951793670654,0.4873479902744293,1,0.999055027961731,-0.013506000861525536,-0.04131601005792618,0,0.008621999062597752,0.9931920170783997,-0.11616799980401993,0,0.04260401055216789,0.11570200324058533,0.9923700094223022,0,0,67.04618072509766,0,1,0.9845719933509827,-0.00273200124502182,-0.17496100068092346,0,0.11525800079107285,0.7624509930610657,0.6366980075836182,0,0.13165999948978424,-0.6470400094985962,0.7510020136833191,0,0,64.694091796875,0,1,0.9189810156822205,0.005208001472055912,-0.3942660093307495,0,0.30973899364471436,0.6092240214347839,0.7300059795379639,0,0.24399800598621368,-0.7929810285568237,0.5582519769668579,0,0,12.362526893615723,0,1,-0.9947490096092224,0.0030879955738782883,-0.10229798406362534,0,0.001646005897782743,-0.9989330172538757,-0.04615502059459686,0,-0.1023319885134697,-0.046081021428108215,0.9936820268630981,0,-14.099204063415527,-7.572951793670654,0.44704198837280273,1,0.999879002571106,-0.011279004625976086,-0.010671021416783333,0,0.010531003586947918,0.9976490139961243,-0.06771297007799149,0,0.011410021223127842,0.06759197264909744,0.9976480007171631,0,0,67.04611206054688,0,1,0.9976540207862854,0.02910900115966797,0.06195899844169617,0,-0.06839600205421448,0.38607901334762573,0.9199270009994507,0,0.0028570014983415604,-0.9220060110092163,0.38716402649879456,0,0,64.71807098388672,0,1,0.969452977180481,-0.0007899998454377055,0.24527500569820404,0,-0.10672199726104736,0.8990139961242676,0.4247159957885742,0,-0.22084200382232666,-0.4379180073738098,0.8714680075645447,0,0,22.355493545532227,0,1
K0.067,0.9997829794883728,-0.008046998642385006,-0.019193993881344795,0,0.007505998946726322,0.999576985836029,-0.028098993003368378,0,0.019411994144320488,0.02794899232685566,0.9994210004806519,0,-0.20127688348293304,150.28854370117188,2.328550100326538,1,0.9998599886894226,-0.016635002568364143,-0.001602001953870058,0,0.016464002430438995,0.996944010257721,-0.07636900246143341,0,0.0028670020401477814,0.07633200287818909,0.997078001499176,0,0,13.631317138671875,-0.9066920280456543,1,0.9996780157089233,-0.025005005300045013,-0.004412004258483648,0,0.02491300366818905,0.9994930028915405,-0.01982700265944004,0,0.004906004760414362,0.019711002707481384,0.9997940063476562,0,0,15.938353538513184,0,1,0.9996780157089233,-0.025004005059599876,-0.004430004395544529,0,0.024912003427743912,0.9994930028915405,-0.01982400193810463,0,0.004924004431813955,0.019707001745700836,0.9997940063476562,0,0,18.215255737304688,0,1,0.9989449977874756,0.04235100373625755,0.01772800274193287,0,-0.0436210036277771,0.9959440231323242,0.07869799435138702,0,-0.01432300079613924,-0.07938899099826813,0.996740996837616,0,0,20.492156982421875,0,1,0.9996430277824402,0.02573299966752529,0.007180999964475632,0,-0.025520000606775284,0.9992740154266357,-0.02829999290406704,0,-0.007903999648988247,0.028106993064284325,0.9995740056037903,0,0,11.188323974609375,0.8124110102653503,1,-0.09295199811458588,0.019595999270677567,-0.9954779744148254,0,0.9044119715690613,-0.41648000478744507,-0.0926470011472702,0,-0.41641199588775635,-0.9089339971542358,0.020989999175071716,0,8.006896018981934,18.147985458374023,-0.30256399512290955,1,0.8618360161781311,0.34592297673225403,-0.37091100215911865,0,0.09790299832820892,0.6040909886360168,0.7908779978752136,0,0.4976479709148407,-0.7179210186004639,0.4867610037326813,0,0,16.42500877380371,0,1,0.9398970007896423,0.341390997171402,0.0068430001847445965,0,-0.3414509892463684,0.9395520091056824,0.02556700073182583,0,0.00229899981059134,-0.02636599913239479,0.9996500015258789,0,0,39.748775482177734,0,1,0.974353015422821,-0.13968101143836975,0.17642101645469666,0,0.15506601333618164,0.9849299788475037,-0.0765950009226799,0,-0.16306400299072266,0.10198699682950974,0.9813299775123596,0,0,40.615203857421875,0,1,0.9978020191192627,-0.06520199775695801,-0.011784999631345272,0,0.06546399742364883,0.9426479935646057,0.32730498909950256,0,-0.010231999680399895,-0.3273569941520691,0.9448450207710266,0,0,18.760311126708984,0,1,0.995386004447937,-0.09333200007677078,-0.022244000807404518,0,0.0941770002245903,0.9060959815979004,0.4124569892883301,0,-0.01834000088274479,-0.412649005651474,0.9107059836387634,0,0,2.4333369731903076,0,1,0.9988369941711426,0.047832999378442764,0.006010999903082848,0,-0.04818499833345413,0.986549973487854,0.15619899332523346,0,0.0015409999759867787,-0.15630699694156647,0.9877070188522339,0,-0.10917100310325623,3.5798709392547607,-0.33113399147987366,1,-0.11573000997304916,-0.004437997937202454,0.993270993232727,0,-0.9029139876365662,-0.41627299785614014,-0.10706200450658798,0,0.4139469861984253,-0.9092289805412292,0.044168002903461456,0,-8.006896018981934,18.128562927246094,-0.010575000196695328,1,0.7124199867248535,-0.4733560085296631,0.5180659890174866,0,-0.14406201243400574,0.6238700151443481,0.7681360244750977,0,-0.6868079900741577,-0.6218690276145935,0.3762640058994293,0,0,16.425010681152344,0,1,0.8465160131454468,-0.5322110056877136,-0.012705001048743725,0,0.532325029373169,0.8459290266036987,0.03215600177645683,0,-0.006366000976413488,-0.033984001725912094,0.9994019865989685,0,0,39.7686882019043,0,1,0.9283239841461182,0.002001003595069051,-0.3717679977416992,0,-0.023348992690443993,0.998324990272522,-0.05292997136712074,0,0.3710390031337738,0.057816971093416214,0.9268159866333008,0,0,40.623146057128906,0,1,0.9998109936714172,0.019432000815868378,0.0010979999788105488,0,-0.019440999254584312,0.9944080114364624,0.1037990003824234,0,0.0009250000002793968,-0.10379999876022339,0.9945979714393616,0,0,18.520959854125977,0,1,0.9982389807701111,0.05887499824166298,0.007269999943673611,0,-0.05909400060772896,0.9761520028114319,0.20889200270175934,0,0.00520200002938509,-0.20895400643348694,0.9779120087623596,0,0,2.42889404296875,0,1,0.982138991355896,-0.18711000680923462,0.01981399953365326,0,0.18808899819850922,0.9791349768638611,-0.07691700011491776,0,-0.005007999949157238,0.07926999777555466,0.9968410134315491,0,0.14674200117588043,3.652707099914551,-0.39110100269317627,1,-0.9993939995765686,-0.02671099826693535,0.022322995588183403,0,0.02638399787247181,-0.9995419979095459,-0.014814992435276508,0,0.022707995027303696,-0.014216993935406208,0.9996410012245178,0,14.099204063415527,-7.572951793670654,0.4873479902744293,1,0.9990079998970032,-0.013581998646259308,-0.042400989681482315,0,0.008575000800192356,0.9932010173797607,-0.11609899997711182,0,0.04368899017572403,0.11562000215053558,0.9923319816589355,0,0,67.04618072509766,0,1,0.9845700263977051,-0.0028409988153725863,-0.1749659925699234,0,0.11531300097703934,0.7626010179519653,0.6365079879760742,0,0.13162100315093994,-0.6468629837036133,0.7511619925498962,0,0,64.694091796875,0,1,0.9189670085906982,0.0053689987398684025,-0.3942970037460327,0,0.30973801016807556,0.6090099811553955,0.730184018611908,0,0.244051992893219,-0.7931439876556396,0.55799800157547,0,0,12.362526893615723,0,1,-0.9949179887771606,0.002637004479765892,-0.1006530150771141,0,0.0022419942542910576,-0.9988290071487427,-0.048332978039979935,0,-0.10066301375627518,-0.04831297695636749,0.9937469959259033,0,-14.099204063415527,-7.572951793670654,0.44704198837280273,1,0.9998490214347839,-0.011719995178282261,-0.012849978171288967,0,0.010863996110856533,0.9978359937667847,-0.06484103202819824,0,0.013581978157162666,0.06469102948904037,0.9978129863739014,0,0,67.04611206054688,0,1,0.9976500272750854,0.02935199812054634,0.061918001621961594,0,-0.06845799833536148,0.3875569999217987,0.9193000197410583,0,0.002985998522490263,-0.9213780164718628,0.38865500688552856,0,0,64.71807098388672,0,1,0.9694539904594421,-0.0007720001740381122,0.2452709972858429,0,-0.10672099888324738,0.8990439772605896,0.42465299367904663,0,-0.22083799540996552,-0.4378570020198822,0.8715000152587891,0,0,22.355493545532227,0,1
K0.100,0.9997760057449341,-0.008059999905526638,-0.01954600028693676,0,0.007499999832361937,0.999563992023468,-0.028550999239087105,0,0.01976799964904785,0.028397999703884125,0.9994009733200073,0,-0.2101760059595108,150.2962646484375,2.324521064758301,1,0.9998639822006226,-0.01639699935913086,-0.001462999964132905,0,0.016238000243902206,0.9969589710235596,-0.076214998960495,0,0.002707999898120761,0.07618100196123123,0.9970899820327759,0,0,13.631317138671875,-0.9066920280456543,1,0.999688982963562,-0.02461099997162819,-0.004077000077813864,0,0.02452700026333332,0.9995089769363403,-0.019478999078273773,0,0.004554999992251396,0.019372999668121338,0.9998019933700562,0,0,15.938353538513184,0,1,0.999688982963562,-0.024609999731183052,-0.004095000214874744,0,0.024526000022888184,0.9995089769363403,-0.01947600021958351,0,0.00457199988886714,0.01936900056898594,0.9998019933700562,0,0,18.215255737304688,0,1,0.998947024345398,0.04234100133180618,0.017690999433398247,0,-0.04361400008201599,0.9959030151367188,0.07921499758958817,0,-0.0142639996483922,-0.0799029991030693,0.9967010021209717,0,0,20.492156982421875,0,1,0.99965500831604,0.02527499943971634,0.007124000228941441,0,-0.02505899965763092,0.9992679953575134,-0.028891999274492264,0,-0.00784900039434433,0.028703000396490097,0.9995570182800293,0,0,11.188323974609375,0.8124110102653503,1,-0.09271600097417831,0.01965700089931488,-0.9954990148544312,0,0.904433012008667,-0.4164760112762451,-0.09245800226926804,0,-0.41641899943351746,-0.9089339971542358,0.0208359993994236,0,8.006896018981934,18.147985458374023,-0.30256399512290955,1,0.8598530292510986,0.34942498803138733,-0.3722290098667145,0,0.09731599688529968,0.6035429835319519,0.7913690209388733,0,0.5011799931526184,-0.7166860103607178,0.48495399951934814,0,0,16.42500877380371,0,1,0.9395110011100769,0.34244999289512634,0.0068709999322891235,0,-0.34251201152801514,0.9391639828681946,0.025645999237895012,0,0.002329000039026141,-0.026448000222444534,0.9996470212936401,0,0,39.748775482177734,0,1,0.9747030138969421,-0.1374640017747879,0.17623400688171387,0,0.1530040055513382,0.9851589798927307,-0.07779300212860107,0,-0.16292500495910645,0.1027899980545044,0.9812690019607544,0,0,40.615203857421875,0,1,0.9978020191192627,-0.06520199775695801,-0.011784999631345272,0,0.06546399742364883,0.9426490068435669,0.32730400562286377,0,-0.010231000371277332,-0.3273560106754303,0.944845974445343,0,0,18.760311126708984,0,1,0.995386004447937,-0.09333200007677078,-0.022244000807404518,0,0.0941770002245903,0.9060959815979004,0.4124569892883301,0,-0.01834000088274479,-0.412649005651474,0.9107059836387634,0,0,2.4333369731903076,0,1,0.9988369941711426,0.047832999378442764,0.006010999903082848,0,-0.04818499833345413,0.986549973487854,0.15619899332523346,0,0.0015409999759867787,-0.15630699694156647,0.9877070188522339,0,-0.10917100310325623,3.5798709392547607,-0.33113399147987366,1,-0.11518199741840363,-0.004503999836742878,0.9933339953422546,0,-0.9029620289802551,-0.4162920117378235,-0.10659000277519226,0,0.41399699449539185,-0.9092199802398682,0.04388200119137764,0,-8.006896018981934,18.128562927246094,-0.010575000196695328,1,0.7139340043067932,-0.4736439883708954,0.5157129764556885,0,-0.14292199909687042,0.6224319934844971,0.7695140242576599,0,-0.6854720115661621,-0.6230890154838562,0.37668099999427795,0,0,16.425010681152344,0,1,0.8481950163841248,-0.5295339822769165,-0.01260400004684925,0,0.5296469926834106,0.8476150035858154,0.03199400007724762,0,-0.006258999928832054,-0.0338129997253418,0.999409019947052,0,0,39.7686882019043,0,1,0.9285269975662231,0.000939000048674643,-0.3712649941444397,0,-0.023576999083161354,0.9981279969215393,-0.056439999490976334,0,0.37051698565483093,0.06115899980068207,0.9268100261688232,0,0,40.623146057128906,0,1,0.9998109936714172,0.019432000815868378,0.0010979999788105488,0,-0.019440999254584312,0.9944080114364624,0.1037990003824234,0,0.0009250000002793968,-0.10379999876022339,0.9945979714393616,0,0,18.520959854125977,0,1,0.9982389807701111,0.05887499824166298,0.007271000184118748,0,-0.05909400060772896,0.9761520028114319,0.20889200270175934,0,0.005200999788939953,-0.20895400643348694,0.9779120087623596,0,0,2.42889404296875,0,1,0.982138991355896,-0.18711000680923462,0.01981399953365326,0,0.18808899819850922,0.9791349768638611,-0.07691799849271774,0,-0.005007999949157238,0.07927100360393524,0.9968410134315491,0,0.14674200117588043,3.652707099914551,-0.39110100269317627,1,-0.9993690252304077,-0.02686999924480915,0.02323400042951107,0,0.026513999328017235,-0.9995279908180237,-0.01553099974989891,0,0.02364099957048893,-0.014905000105500221,0.9996089935302734,0,14.099204063415527,-7.572951793670654,0.4873479902744293,1,0.9989489912986755,-0.013675999827682972,-0.04374000057578087,0,0.008545000106096268,0.9932799935340881,-0.11542099714279175,0,0.04502499848604202,0.11492600291967392,0.9923530220985413,0,0,67.04618072509766,0,1,0.9845700263977051,-0.0029869999270886183,-0.1749659925699234,0,0.1153310015797615,0.7630469799041748,0.6359699964523315,0,0.1316079944372177,-0.646336019039154,0.7516180276870728,0,0,64.694091796875,0,1,0.9189509749412537,0.005551000125706196,-0.39433199167251587,0,0.30973801016807556,0.6087700128555298,0.7303850054740906,0,0.24411199986934662,-0.7933279871940613,0.5577099919319153,0,0,12.362526893615723,0,1,-0.9950600266456604,0.0023330000694841146,-0.09925000369548798,0,0.002678999910131097,-0.9987279772758484,-0.05034400150179863,0,-0.09924100339412689,-0.05036100000143051,0.9937880039215088,0,-14.099204063415527,-7.572951793670654,0.44704198837280273,1,0.9998189806938171,-0.012071999721229076,-0.014673000201582909,0,0.011145999655127525,0.9980360269546509,-0.06164700165390968,0,0.015387999825179577,0.061473000794649124,0.9979900121688843,0,0,67.04611206054688,0,1,0.9976450204849243,0.029583999887108803,0.061873000115156174,0,-0.06851299852132797,0.38928401470184326,0.9185659885406494,0,0.003089000005275011,-0.9206429719924927,0.390394002199173,0,0,64.71807098388672,0,1,0.9694560170173645,-0.0007469999836757779,0.24526600539684296,0,-0.10672000050544739,0.8990839719772339,0.4245679974555969,0,-0.2208320051431656,-0.43777498602867126,0.8715429902076721,0,0,22.355493545532227,0,1
K0.133,0.9997730255126953,-0.007962996140122414,-0.019738998264074326,0,0.00739499693736434,0.9995620250701904,-0.028640998527407646,0,0.019957998767495155,0.028487998992204666,0.9993950128555298,0,-0.2129349261522293,150.30381774902344,2.3071746826171875,1,0.9998700022697449,-0.016098996624350548,-0.0013229980831965804,0,0.01595199666917324,0.9969779849052429,-0.07603099942207336,0,0.002542997943237424,0.07599999755620956,0.9971050024032593,0,0,13.631317138671875,-0.9066920280456543,1,0.9996960163116455,-0.02434399724006653,-0.0037979967892169952,0,0.02426699735224247,0.9995229840278625,-0.019093995913863182,0,0.004260996822267771,0.018995996564626694,0.999809980392456,0,0,15.938353538513184,0,1,0.9996960163116455,-0.02434299886226654,-0.0038159966934472322,0,0.024265998974442482,0.9995229840278625,-0.01909099705517292,0,0.004278996959328651,0.018992995843291283,0.999809980392456,0,0,18.215255737304688,0,1,0.9989389777183533,0.042590003460645676,0.017513999715447426,0,-0.043848004192113876,0.9958959817886353,0.07917501032352448,0,-0.0140699977055192,-0.07985901087522507,0.996707022190094,0,0,20.492156982421875,0,1,0.999675989151001,0.024607989937067032,0.006471989210695028,0,-0.024401990696787834,0.9992449879646301,-0.03021700493991375,0,-0.0072099887765944,0.03005000576376915,0.9995219707489014,0,0,11.188323974609375,0.8124110102653503,1,-0.09240799397230148,0.019711000844836235,-0.9955260157585144,0,0.9044589996337891,-0.4164780080318451,-0.09220099449157715,0,-0.4164319932460785,-0.9089319705963135,0.020657997578382492,0,8.006896018981934,18.147985458374023,-0.30256399512290955,1,0.857172966003418,0.3540540635585785,-0.37403303384780884,0,0.09644199162721634,0.6030480265617371,0.7918530106544495,0,0.5059190392494202,-0.7148280143737793,0.48277097940444946,0,0,16.42500877380371,0,1,0.939158022403717,0.3434169888496399,0.006897999905049801,0,-0.3434779942035675,0.9388089776039124,0.025717999786138535,0,0.002356000244617462,-0.02652299962937832,0.9996449947357178,0,0,39.748775482177734,0,1,0.975009024143219,-0.135701984167099,0.1759069859981537,0,0.1513509899377823,0.9853360056877136,-0.07877500355243683,0,-0.16263797879219055,0.10342999547719955,0.981249988079071,0,0,40.615203857421875,0,1,0.9978020191192627,-0.06520199775695801,-0.011785999871790409,0,0.06546399742364883,0.9426490068435669,0.32730400562286377,0,-0.010231000371277332,-0.3273569941520691,0.9448450207710266,0,0,18.760311126708984,0,1,0.995386004447937,-0.09333200007677078,-0.022244000807404518,0,0.0941770002245903,0.9060959815979004,0.4124560058116913,0,-0.01834000088274479,-0.4126479923725128,0.9107059836387634,0,0,2.4333369731903076,0,1,0.9988369941711426,0.04783400148153305,0.006010999903082848,0,-0.04818499833345413,0.986549973487854,0.15619899332523346,0,0.0015409999759867787,-0.15630699694156647,0.9877070188522339,0,-0.10917100310325623,3.5798709392547607,-0.33113399147987366,1,-0.11494900286197662,-0.0045100003480911255,0.9933609962463379,0,-0.9029809832572937,-0.41630300879478455,-0.10638000071048737,0,0.41401898860931396,-0.909214973449707,0.04378100112080574,0,-8.006896018981934,18.128562927246094,-0.010575000196695328,1,0.7150859832763672,-0.4744029939174652,0.5134140253067017,0,-0.1417119801044464,0.6208270192146301,0.771032989025116,0,-0.6845210194587708,-0.6241120100021362,0.3767159879207611,0,0,16.425010681152344,0,1,0.8497959971427917,-0.5269639492034912,-0.01250699907541275,0,0.5270759463310242,0.8492209911346436,0.031838998198509216,0,-0.006156998686492443,-0.03364899754524231,0.9994149804115295,0,0,39.7686882019043,0,1,0.9278990030288696,0.0011350162094458938,-0.37282902002334595,0,-0.025052031502127647,0.9979249835014343,-0.05931102856993675,0,0.3719880282878876,0.06437503546476364,0.926002025604248,0,0,40.623146057128906,0,1,0.9998109936714172,0.019432000815868378,0.0010979999788105488,0,-0.019440999254584312,0.9944080114364624,0.1037990003824234,0,0.0009250000002793968,-0.10379999876022339,0.9945979714393616,0,0,18.520959854125977,0,1,0.9982389807701111,0.05887499824166298,0.007269999943673611,0,-0.05909400060772896,0.9761520028114319,0.20889200270175934,0,0.00520200002938509,-0.20895299315452576,0.9779120087623596,0,0,2.42889404296875,0,1,0.982138991355896,-0.18711000680923462,0.019812999293208122,0,0.18808899819850922,0.9791349768638611,-0.07691700011491776,0,-0.005007999949157238,0.07926999777555466,0.9968410134315491,0,0.14674200117588043,3.652707099914551,-0.39110100269317627,1,-0.9993559718132019,-0.02672799676656723,0.023961007595062256,0,0.026350995525717735,-0.9995260238647461,-0.01591300033032894,0,0.024375006556510925,-0.015271000564098358,0.9995859861373901,0,14.099204063415527,-7.572951793670654,0.4873479902744293,1,0.9989060163497925,-0.013491999357938766,-0.044783007353544235,0,0.008284999057650566,0.9933900237083435,-0.11449099332094193,0,0.046031005680561066,0.11399499326944351,0.9924139976501465,0,0,67.04618072509766,0,1,0.9845679998397827,-0.0032540014944970608,-0.1749729961156845,0,0.11542700231075287,0.7635890245437622,0.6353020071983337,0,0.13154000043869019,-0.6456940174102783,0.7521809935569763,0,0,64.694091796875,0,1,0.9189339876174927,0.005754002369940281,-0.3943699896335602,0,0.30973801016807556,0.6085010170936584,0.7306079864501953,0,0.24417899549007416,-0.7935320138931274,0.5573899745941162,0,0,12.362526893615723,0,1,-0.9951419830322266,0.0023680038284510374,-0.0984170064330101,0,0.0027849969919770956,-0.9986330270767212,-0.05219000205397606,0,-0.09840600937604904,-0.0522100031375885,0.9937760233879089,0,-14.099204063415527,-7.572951793670654,0.44704198837280273,1,0.9998040199279785,-0.012014000676572323,-0.015746992081403732,0,0.011084001511335373,0.9982640147209167,-0.05784198269248009,0,0.01641499251127243,0.05765598267316818,0.9982020258903503,0,0,67.04611206054688,0,1,0.9976469874382019,0.029659001156687737,0.061817001551389694,0,-0.06849599629640579,0.3912140130996704,0.9177470207214355,0,0.0030360009986907244,-0.9198219776153564,0.3923250138759613,0,0,64.71807098388672,0,1,0.9694589972496033,-0.0006799992988817394,0.24525099992752075,0,-0.10671699792146683,0.8991940021514893,0.4243369996547699,0,-0.2208160012960434,-0.43755000829696655,0.8716599941253662,0,0,22.355493545532227,0,1
