3.600,30,107,33
B0,mixamorig_Hips,-1,0.9945712089538574,-0.040617335587739944,0.0957968607544899,0,0.03563922643661499,0.9979520440101624,0.053115975111722946,0,-0.09775825589895248,-0.049413494765758514,0.9939826130867004,0,-1.1706576347351074,149.76541137695312,-0.9053372144699097,1
B1,mixamorig_Spine,0,0.9998471736907959,0.017363330349326134,0.0018356295768171549,0,-0.017193013802170753,0.9974167346954346,-0.0697401612997055,0,-0.003042244352400303,0.06969743221998215,0.9975635409355164,0,0,13.631317138671875,-0.9066920280456543,1
B2,mixamorig_Spine1,1,0.999895453453064,0.014321799390017986,0.0017858585342764854,0,-0.014291653409600258,0.999774158000946,-0.015720903873443604,0,-0.002010726137086749,0.015694068744778633,0.9998747110366821,0,0,15.938353538513184,0,1
B3,mixamorig_Spine2,2,0.9998961091041565,0.014369778335094452,0.001207468332722783,0,-0.014348944649100304,0.9997731447219849,-0.015721559524536133,0,-0.0014333357103168964,0.01570272445678711,0.9998757243156433,0,0,18.215255737304688,0,1
B4,mixamorig_Neck,3,0.9996339082717896,-0.013933857902884483,-0.023200461640954018,0,0.013750745914876461,0.9998728036880493,-0.008050386793911457,0,0.02330964058637619,0.007727962918579578,0.9996982216835022,0,0,20.492156982421875,0,1
B5,mixamorig_Head,4,0.9956257939338684,-0.006699105724692345,-0.09318449348211288,0,0.004834264051169157,0.9997835159301758,-0.020230641588568687,0,0.09330002218484879,0.01969132572412491,0.9954428672790527,0,0,11.188323974609375,0.8124110102653503,1
B6,mixamorig_HeadTop_End,5,1,0,0,0,0,1,0,0,0,0,1,0,0,39.53343200683594,2.870616912841797,1
B7,mixamorig_LeftShoulder,3,-0.2232932597398758,-0.025216789916157722,-0.9744250178337097,0,0.9307432770729065,-0.30249589681625366,-0.20545528829097748,0,-0.28957805037498474,-0.9528166651725769,0.0910157710313797,0,8.006896018981934,18.147985458374023,-0.30256399512290955,1
B8,mixamorig_LeftArm,7,0.278134822845459,0.8311233520507812,-0.4815334677696228,0,-0.2777411639690399,0.5494877696037292,0.7879867553710938,0,0.9195113778114319,-0.08542480319738388,0.38366857171058655,0,0,16.42500877380371,0,1
B9,mixamorig_LeftForeArm,8,0.9347354769706726,0.3552696108818054,0.0072294361889362335,0,-0.355332612991333,0.9343608617782593,0.02660585381090641,0,0.0026977474335581064,-0.02743781916797161,0.9996200203895569,0,0,39.748775482177734,0,1
B10,mixamorig_LeftHand,9,0.9043275117874146,-0.07835083454847336,0.41958460211753845,0,0.08840376138687134,0.9960724115371704,-0.004533648025244474,0,-0.4175834357738495,0.04119281843304634,0.9077038764953613,0,0,40.615203857421875,0,1
B11,mixamorig_LeftHandIndex1,10,0.9978629946708679,-0.0643170028924942,-0.011479999870061874,0,0.06457500159740448,0.9442409873008728,0.322860985994339,0,-0.009925000369548798,-0.3229120075702667,0.9463769793510437,0,0,18.760311126708984,0,1
B12,mixamorig_LeftHandIndex2,11,0.9973869919776917,-0.07120899856090546,-0.012202000245451927,0,0.07159465551376343,0.9515393376350403,0.29907700419425964,0,-0.009686999954283237,-0.29916900396347046,0.9541509747505188,0,0,2.4333369731903076,0,1
B13,mixamorig_LeftHandIndex3,12,0.9964200258255005,0.08444900065660477,-0.003883344354107976,0,-0.08452066034078598,0.9961050152778625,-0.025111999362707138,0,0.0017480000387877226,0.02535099908709526,0.9996770024299622,0,-0.10917100310325623,3.5798709392547607,-0.33113399147987366,1
B14,mixamorig_LeftHandIndex4,13,1,0,0,0,0,1,0,0,0,0,1,0,0.20510800182819366,2.720046043395996,0.10660000145435333,1
B15,mixamorig_RightShoulder,3,0.10186316817998886,-0.06267186999320984,0.9928226470947266,0,-0.9647437334060669,-0.24968396127223969,0.08322162926197052,0,0.24267593026161194,-0.966296911239624,-0.08589640259742737,0,-8.006896018981934,18.128562927246094,-0.010575000196695328,1
B16,mixamorig_RightArm,15,0.8468102216720581,-0.5179309248924255,0.12107563763856888,0,0.2053636908531189,0.5283492207527161,0.8238149285316467,0,-0.490650475025177,-0.6727502942085266,0.553776204586029,0,0,16.425010681152344,0,1
B17,mixamorig_RightForeArm,16,0.9273664951324463,-0.3740694522857666,-0.00782130379229784,0,0.37414947152137756,0.9270918965339661,0.022601276636123657,0,-0.0012032705126330256,-0.023886175826191902,0.9997143745422363,0,0,39.7686882019043,0,1
B18,mixamorig_RightHand,17,0.9165070652961731,0.2532983124256134,-0.3095822036266327,0,-0.19250206649303436,0.9577341079711914,0.2137185037136078,0,0.35063832998275757,-0.13628330826759338,0.9265417456626892,0,0,40.623146057128906,0,1
B19,mixamorig_RightHandIndex1,18,0.9989222288131714,0.04605141282081604,0.005841775797307491,0,-0.04607241228222847,0.9681785702705383,0.2459840029478073,0,0.005671775434166193,-0.24598801136016846,0.9692559838294983,0,0,18.520959854125977,0,1
B20,mixamorig_RightHandIndex2,19,0.9965298175811768,0.08160290867090225,0.01639840379357338,0,-0.08239331841468811,0.9391974210739136,0.3333463966846466,0,0.011800829321146011,-0.33354073762893677,0.9426615834236145,0,0,2.42889404296875,0,1
B21,mixamorig_RightHandIndex3,20,0.9843388795852661,-0.17603883147239685,0.009308627806603909,0,0.1761501282453537,0.9842776656150818,-0.01298715639859438,0,-0.006875821389257908,0.014423401094973087,0.999872088432312,0,0.14674200117588043,3.652707099914551,-0.39110100269317627,1
B22,mixamorig_RightHandIndex4,21,1,0,0,0,0,1,0,0,0,0,1,0,-0.46667900681495667,2.9132699966430664,0.07249800115823746,1
B23,mixamorig_LeftUpLeg,0,-0.9393125176429749,-0.11532878130674362,0.3230966627597809,0,0.19286459684371948,-0.956402599811554,0.21931244432926178,0,0.28371748328208923,0.26831600069999695,0.9206034541130066,0,14.099204063415527,-7.572951793670654,0.4873479902744293,1
B24,mixamorig_LeftLeg,23,0.9823493361473083,0.12534722685813904,0.1388465166091919,0,-0.07309401780366898,0.9404797554016113,-0.3318966329097748,0,-0.17218440771102905,0.3158893585205078,0.9330413341522217,0,0,67.04618072509766,0,1
B25,mixamorig_LeftFoot,24,0.9737530946731567,-0.18644008040428162,-0.13055619597434998,0,0.22653381526470184,0.7382376790046692,0.6353638768196106,0,-0.02207552269101143,-0.6482632160186768,0.7610957026481628,0,0,64.694091796875,0,1
B26,mixamorig_LeftToeBase,25,0.9194319844245911,0,-0.3932490050792694,0,0.30975499749183655,0.6160809993743896,0.7242209911346436,0,0.2422730028629303,-0.7876823544502258,0.566444993019104,0,0,12.362526893615723,0,1
B27,mixamorig_LeftToe_End,26,1,0,0,0,0,1,0,0,0,0,1,0,0,3.764954090118408,0,1
B28,mixamorig_RightUpLeg,0,-0.9341384768486023,-0.015730712562799454,-0.3565632402896881,0,-0.05999387800693512,-0.9778928756713867,0.20031511783599854,0,-0.35183215141296387,0.20851276814937592,0.9125433564186096,0,-14.099204063415527,-7.572951793670654,0.44704198837280273,1
B29,mixamorig_RightLeg,28,0.9843537211418152,0.013289234600961208,0.17570166289806366,0,0.045392271131277084,0.9443705677986145,-0.3257351219654083,0,-0.17025654017925262,0.3286142945289612,0.928991436958313,0,0,67.04611206054688,0,1
B30,mixamorig_RightFoot,29,0.9952669739723206,0.060249213129282,0.07622773200273514,0,-0.09087278693914413,0.2995133697986603,0.9497528076171875,0,0.03439050167798996,-0.9521880149841309,0.3035709261894226,0,0,64.71807098388672,0,1
B31,mixamorig_RightToeBase,30,0.9694989919662476,0,0.24509400129318237,0,-0.10668600350618362,0.9002919793128967,0.4220096468925476,0,-0.22065599262714386,-0.4352859854698181,0.8728330135345459,0,0,22.355493545532227,0,1
B32,mixamorig_RightToe_End,31,1,0,0,0,0,1,0,0,0,0,1,0,0,10.522708892822266,0,1
@28,0,1,2,3,4,5,7,8,9,10,11,12,13,15,16,17,18,19,20,21,23,24,25,26,28,29,30,31
K0.000,0.9951030015945435,-0.02833699993789196,0.09469600021839142,0,0.023521000519394875,0.9983909726142883,0.05159199982881546,0,-0.09600500017404556,-0.049111999571323395,0.9941689968109131,0,0.0835689976811409,149.71925354003906,-1.119426965713501,1,0.9996169805526733,0.02120400033891201,0.017799999564886093,0,-0.0198340006172657,0.9970700144767761,-0.0738850012421608,0,-0.019315000623464584,0.07350300252437592,0.997107982635498,0,0,13.631317138671875,-0.9066920280456543,1,0.999770998954773,0.016121000051498413,0.014094999991357327,0,-0.015838999301195145,0.9996780157089233,-0.019843000918626785,0,-0.014410000294446945,0.01961500011384487,0.9997040033340454,0,0,15.938353538513184,0,1,0.9997720122337341,0.016589000821113586,0.013420999981462955,0,-0.016320999711751938,0.9996690154075623,-0.019864000380039215,0,-0.01374599989503622,0.019641000777482986,0.9997130036354065,0,0,18.215255737304688,0,1,0.9996079802513123,-0.008356000296771526,-0.026729999110102654,0,0.007842999882996082,0.999783992767334,-0.019241999834775925,0,0.026884999126195908,0.01902499981224537,0.9994570016860962,0,0,20.492156982421875,0,1,0.9927070140838623,-0.01546700019389391,-0.11955799907445908,0,0.013418000191450119,0.9997490048408508,-0.01792900077998638,0,0.1198050007224083,0.016194000840187073,0.9926649928092957,0,0,11.188323974609375,0.8124110102653503,1,-0.22100600600242615,-0.025117000564932823,-0.9749490022659302,0,0.931988000869751,-0.2999509871006012,-0.20353999733924866,0,-0.2873240113258362,-0.9536240100860596,0.08969999849796295,0,8.006896018981934,18.147985458374023,-0.30256399512290955,1,0.28726398944854736,0.8458290100097656,-0.44950300455093384,0,-0.2671569883823395,0.5214110016822815,0.8104060292243958,0,0.9198409914970398,-0.11271200329065323,0.3757520020008087,0,0,16.42500877380371,0,1,0.9322819709777832,0.36165499687194824,0.007412999868392944,0,-0.3617199957370758,0.931892991065979,0.027084000408649445,0,0.002887000096961856,-0.02793099917471409,0.9996060132980347,0,0,39.748775482177734,0,1,0.8973979949951172,-0.12153100222349167,0.42415401339530945,0,0.11465100198984146,0.9925259947776794,0.04181300103664398,0,-0.42606499791145325,0.011106000281870365,0.9046239852905273,0,0,40.615203857421875,0,1,0.9978629946708679,-0.0643170028924942,-0.011481000110507011,0,0.06457599997520447,0.9442409873008728,0.322860985994339,0,-0.009925000369548798,-0.3229120075702667,0.9463769793510437,0,0,18.760311126708984,0,1,0.9973869919776917,-0.07120899856090546,-0.012202000245451927,0,0.07159499824047089,0.9515399932861328,0.29907599091529846,0,-0.009686999954283237,-0.2991679906845093,0.9541509747505188,0,0,2.4333369731903076,0,1,0.9964200258255005,0.08444900065660477,-0.003882999997586012,0,-0.08452100306749344,0.9961050152778625,-0.025111999362707138,0,0.0017480000387877226,0.02535099908709526,0.9996770024299622,0,-0.10917100310325623,3.5798709392547607,-0.33113399147987366,1,0.09933499991893768,-0.06160200014710426,0.9931449890136719,0,-0.9618489742279053,-0.2616310119628906,0.07997599989175797,0,0.25491100549697876,-0.9631999731063843,-0.08524099737405777,0,-8.006896018981934,18.128562927246094,-0.010575000196695328,1,0.8360570073127747,-0.5329369902610779,0.13033300638198853,0,0.21029600501060486,0.5307009816169739,0.8210560083389282,0,-0.506738007068634,-0.6590409874916077,0.555770993232727,0,0,16.425010681152344,0,1,0.9210780262947083,-0.38929200172424316,-0.008201000280678272,0,0.3893750011920929,0.9207789897918701,0.023521000519394875,0,-0.0016049999976530671,-0.02485799975693226,0.9996899962425232,0,0,39.7686882019043,0,1,0.9253379702568054,0.20209699869155884,-0.32079100608825684,0,-0.13646000623703003,0.966916024684906,0.2155279964208603,0,0.3537349998950958,-0.15566100180149078,0.9223020076751709,0,0,40.623146057128906,0,1,0.9990429878234863,0.04343999922275543,0.005198999773710966,0,-0.043460000306367874,0.9717360138893127,0.23203399777412415,0,0.005028000101447105,-0.2320380061864853,0.9726939797401428,0,0,18.520959854125977,0,1,0.9968240261077881,0.07823800295591354,0.014825000427663326,0,-0.07891999930143356,0.9458730220794678,0.31479600071907043,0,0.010606000199913979,-0.31496599316596985,0.9490439891815186,0,0,2.42889404296875,0,1,0.984013020992279,-0.17776300013065338,0.010854999534785748,0,0.1779700070619583,0.9837740063667297,-0.02270199917256832,0,-0.006643000058829784,0.024271000176668167,0.9996830224990845,0,0.14674200117588043,3.652707099914551,-0.39110100269317627,1,-0.9383940100669861,-0.09613700211048126,0.33192500472068787,0,0.17726199328899384,-0.9584400057792664,0.22354300320148468,0,0.29663899540901184,0.2686089873313904,0.9164360165596008,0,14.099204063415527,-7.572951793670654,0.4873479902744293,1,0.9831839799880981,0.117747001349926,0.13958600163459778,0,-0.06441500037908554,0.9388499855995178,-0.3382459878921509,0,-0.17087799310684204,0.3235670030117035,0.9306480288505554,0,0,67.04618072509766,0,1,0.9759309887886047,-0.17011399567127228,-0.13645599782466888,0,0.21793000400066376,0.7375310063362122,0.639182984828949,0,-0.008093000389635563,-0.6535360217094421,0.7568519711494446,0,0,64.694091796875,0,1,0.9194319844245911,0,-0.3932490050792694,0,0.30975499749183655,0.6160809993743896,0.7242209911346436,0,0.2422730028629303,-0.7876830101013184,0.566444993019104,0,0,12.362526893615723,0,1,-0.9274340271949768,0.003389999968931079,-0.37397199869155884,0,-0.08654700219631195,-0.9747599959373474,0.20579800009727478,0,-0.36383500695228577,0.2232300043106079,0.9043189883232117,0,-14.099204063415527,-7.572951793670654,0.44704198837280273,1,0.9838709831237793,0.015337999910116196,0.17822200059890747,0,0.045993998646736145,0.9411290287971497,-0.3349049985408783,0,-0.17286700010299683,0.3377000093460083,0.9252439737319946,0,0,67.04611206054688,0,1,0.9935340285301208,0.06520099937915802,0.09294600039720535,0,-0.10824000090360641,0.29686200618743896,0.9487659931182861,0,0.03426799923181534,-0.9526919722557068,0.3019999861717224,0,0,64.71807098388672,0,1,0.9694989919662476,0,0.24509400129318237,0,-0.10668600350618362,0.9002919793128967,0.42201000452041626,0,-0.22065599262714386,-0.4352859854698181,0.8728330135345459,0,0,22.355493545532227,0,1
K0.033,0.9952549934387207,-0.027256980538368225,0.0934089943766594,0,0.022581981495022774,0.9984570145606995,0.05073699727654457,0,-0.09464799612760544,-0.04838699847459793,0.9943339824676514,0,0.15403001010417938,149.71588134765625,-1.1433342695236206,1,0.9995959997177124,0.021021993830800056,0.019147010520100594,0,-0.019547995179891586,0.9970549941062927,-0.07416100054979324,0,-0.02065000869333744,0.07375700026750565,0.9970620274543762,0,0,13.631317138671875,-0.9066920280456543,1,0.9997590184211731,0.015919996425509453,0.015122008509933949,0,-0.01561499573290348,0.999675989151001,-0.02009899728000164,0,-0.015437007881700993,0.019857998937368393,0.9996839761734009,0,0,15.938353538513184,0,1,0.9997609853744507,0.01642199605703354,0.014458008110523224,0,-0.0161299966275692,0.9996669888496399,-0.02011999860405922,0,-0.014783008024096489,0.019881997257471085,0.999692976474762,0,0,18.215255737304688,0,1,0.9995920062065125,-0.007714996580034494,-0.027485009282827377,0,0.007167996373027563,0.9997749924659729,-0.019953016191720963,0,0.02763300947844982,0.019748017191886902,0.9994230270385742,0,0,20.492156982421875,0,1,0.9921150207519531,-0.016498016193509102,-0.12423904985189438,0,0.014499015174806118,0.9997509717941284,-0.016978006809949875,0,0.12448905408382416,0.01504200603812933,0.9921069741249084,0,0,11.188323974609375,0.8124110102653503,1,-0.22082099318504333,-0.025181999430060387,-0.9749889969825745,0,0.9322149753570557,-0.2993359863758087,-0.20340199768543243,0,-0.28672701120376587,-0.9538149833679199,0.08957500010728836,0,8.006896018981934,18.147985458374023,-0.30256399512290955,1,0.2886349856853485,0.8466839790344238,-0.4470079839229584,0,-0.2651129961013794,0.5193009972572327,0.8124300241470337,0,0.9200029969215393,-0.11598801612854004,0.3743549883365631,0,0,16.42500877380371,0,1,0.931892991065979,0.36265599727630615,0.007442000322043896,0,-0.3627209961414337,0.9315019845962524,0.02715899981558323,0,0.002917000325396657,-0.028008999302983284,0.9996029734611511,0,0,39.748775482177734,0,1,0.8955519795417786,-0.12383602559566498,0.42737603187561035,0,0.11630100756883621,0.9922469854354858,0.04380803182721138,0,-0.42948803305625916,0.010471977293491364,0.9030119776725769,0,0,40.615203857421875,0,1,0.9978629946708679,-0.0643170028924942,-0.011481000110507011,0,0.06457500159740448,0.9442409873008728,0.322860985994339,0,-0.009925000369548798,-0.3229120075702667,0.9463769793510437,0,0,18.760311126708984,0,1,0.9973869919776917,-0.07120899856090546,-0.01220100000500679,0,0.07159499824047089,0.9515389800071716,0.29907700419425964,0,-0.009686999954283237,-0.29916900396347046,0.9541509747505188,0,0,2.4333369731903076,0,1,0.9964200258255005,0.08444900065660477,-0.0038840000052005053,0,-0.08452100306749344,0.9961050152778625,-0.025111999362707138,0,0.0017480000387877226,0.02535099908709526,0.9996770024299622,0,-0.10917100310325623,3.5798709392547607,-0.33113399147987366,1,0.09905999898910522,-0.06149600073695183,0.9931790232658386,0,-0.9618250131607056,-0.2617950141429901,0.07972300052642822,0,0.25510698556900024,-0.9631620049476624,-0.08508200198411942,0,-8.006896018981934,18.128562927246094,-0.010575000196695328,1,0.8333819508552551,-0.5369610786437988,0.130949005484581,0,0.21191604435443878,0.5292580127716064,0.8215699791908264,0,-0.5104570388793945,-0.6569319367408752,0.5548639893531799,0,0,16.425010681152344,0,1,0.9218649864196777,-0.38742595911026,-0.008153999224305153,0,0.38750895857810974,0.9215689897537231,0.02340799756348133,0,-0.0015549989184364676,-0.024738997220993042,0.999692976474762,0,0,39.7686882019043,0,1,0.9280550479888916,0.1979929655790329,-0.3154548704624176,0,-0.13066896796226501,0.9662439823150635,0.2220320701599121,0,0.34876692295074463,-0.16483810544013977,0.9225999712944031,0,0,40.623146057128906,0,1,0.9990429878234863,0.04343999922275543,0.005197999998927116,0,-0.043460000306367874,0.9717360138893127,0.23203399777412415,0,0.005028000101447105,-0.2320380061864853,0.9726939797401428,0,0,18.520959854125977,0,1,0.9968240261077881,0.07823800295591354,0.014825000427663326,0,-0.07892099767923355,0.9458720088005066,0.3147970139980316,0,0.010606000199913979,-0.31496700644493103,0.9490429759025574,0,0,2.42889404296875,0,1,0.984013020992279,-0.17776300013065338,0.010854999534785748,0,0.1779700070619583,0.9837740063667297,-0.02270199917256832,0,-0.006643000058829784,0.024271000176668167,0.9996830224990845,0,0.14674200117588043,3.652707099914551,-0.39110100269317627,1,-0.9386000037193298,-0.09535697847604752,0.33156898617744446,0,0.1762319654226303,-0.9587209820747375,0.22315199673175812,0,0.2966029942035675,0.2678830027580261,0.9166600108146667,0,14.099204063415527,-7.572951793670654,0.4873479902744293,1,0.9833109974861145,0.11638098955154419,0.13983799517154694,0,-0.06301299482584,0.9389169812202454,-0.33832600712776184,0,-0.1706710010766983,0.3238680064678192,0.9305809736251831,0,0,67.04618072509766,0,1,0.9760810136795044,-0.16859598457813263,-0.1372620165348053,0,0.21730899810791016,0.7377480268478394,0.6391429901123047,0,-0.006491983309388161,-0.6536840200424194,0.7567399740219116,0,0,64.694091796875,0,1,0.9194319844245911,0,-0.3932490050792694,0,0.30975499749183655,0.6160809993743896,0.7242209911346436,0,0.2422730028629303,-0.7876830101013184,0.566444993019104,0,0,12.362526893615723,0,1,-0.9268680214881897,0.005319027695804834,-0.3753489851951599,0,-0.08879803866147995,-0.9746279716491699,0.2054620087146759,0,-0.3647330105304718,0.223766028881073,0.903823971748352,0,-14.099204063415527,-7.572951793670654,0.44704198837280273,1,0.9838860034942627,0.015880009159445763,0.17809200286865234,0,0.0456479974091053,0.9407299757003784,-0.33607104420661926,0,-0.17287300527095795,0.3387850224971771,0.9248459935188293,0,0,67.04611206054688,0,1,0.993494987487793,0.06533300131559372,0.09327100962400436,0,-0.1085750088095665,0.2964619994163513,0.9488530158996582,0,0.03434000164270401,-0.9528070092201233,0.3016270101070404,0,0,64.71807098388672,0,1,0.9694989919662476,0,0.24509400129318237,0,-0.10668600350618362,0.9002919793128967,0.4220089912414551,0,-0.22065599262714386,-0.4352859854698181,0.8728330135345459,0,0,22.355493545532227,0,1
K0.067,0.9953579902648926,-0.025311019271612167,0.09285200387239456,0,0.02069101855158806,0.9985160231590271,0.050383005291223526,0,-0.09398900717496872,-0.04822799935936928,0.9944040179252625,0,0.2547850012779236,149.70370483398438,-1.1672337055206299,1,0.999584972858429,0.020527005195617676,0.02019798941910267,0,-0.018980005756020546,0.9970790147781372,-0.0739779993891716,0,-0.02165699005126953,0.07356400042772293,0.9970549941062927,0,0,13.631317138671875,-0.9066920280456543,1,0.9997529983520508,0.01547500491142273,0.015922993421554565,0,-0.01515500433743,0.9996849894523621,-0.01999100111424923,0,-0.01622699201107025,0.01974400132894516,0.9996730089187622,0,0,15.938353538513184,0,1,0.9997550249099731,0.01600000448524952,0.015282991342246532,0,-0.015693003311753273,0.9996770024299622,-0.02000800147652626,0,-0.015597991645336151,0.019763002172112465,0.9996830224990845,0,0,18.215255737304688,0,1,0.9995700120925903,-0.007401003036648035,-0.028378991410136223,0,0.0067870039492845535,0.9997419714927673,-0.021674983203411102,0,0.028531990945339203,0.021472983062267303,0.9993619918823242,0,0,20.492156982421875,0,1,0.9914529919624329,-0.018200982362031937,-0.12918595969676971,0,0.01603398472070694,0.9997130036354065,-0.017793992534279823,0,0.12947295606136322,0.015570994466543198,0.9914609789848328,0,0,11.188323974609375,0.8124110102653503,1,-0.2204499989748001,-0.02525399997830391,-0.9750710129737854,0,0.9325839877128601,-0.29837900400161743,-0.2031169980764389,0,-0.28581199049949646,-0.9541130065917969,0.08932899683713913,0,8.006896018981934,18.147985458374023,-0.30256399512290955,1,0.2884159982204437,0.8481529951095581,-0.4443560242652893,0,-0.2643919885158539,0.5165780186653137,0.8143979907035828,0,0.9202790260314941,-0.11740098148584366,0.37323498725891113,0,0,16.42500877380371,0,1,0.9314910173416138,0.36368700861930847,0.007471999619156122,0,-0.36375200748443604,0.9310979843139648,0.027235999703407288,0,0.0029479998629540205,-0.028087999671697617,0.9996010065078735,0,0,39.748775482177734,0,1,0.8934170007705688,-0.12589699029922485,0.4312269687652588,0,0.11696898937225342,0.9920089840888977,0.0472799651324749,0,-0.4337339699268341,0.008199022151529789,0.9010040163993835,0,0,40.615203857421875,0,1,0.9978629946708679,-0.0643170028924942,-0.011479999870061874,0,0.06457500159740448,0.9442409873008728,0.322860985994339,0,-0.00992599967867136,-0.3229120075702667,0.9463769793510437,0,0,18.760311126708984,0,1,0.9973869919776917,-0.07120899856090546,-0.012202000245451927,0,0.07159499824047089,0.9515399932861328,0.29907599091529846,0,-0.009686999954283237,-0.2991679906845093,0.9541509747505188,0,0,2.4333369731903076,0,1,0.9964200258255005,0.08444900065660477,-0.003882999997586012,0,-0.08451999723911285,0.9961050152778625,-0.025111999362707138,0,0.0017480000387877226,0.02535099908709526,0.9996770024299622,0,-0.10917100310325623,3.5798709392547607,-0.33113399147987366,1,0.0991469994187355,-0.06152699887752533,0.9931690096855164,0,-0.9619259834289551,-0.26138800382614136,0.07983499765396118,0,0.2546910047531128,-0.9632710218429565,-0.08510000258684158,0,-8.006896018981934,18.128562927246094,-0.010575000196695328,1,0.8287950754165649,-0.5439459681510925,0.1312279999256134,0,0.21576295793056488,0.5270559787750244,0.8219839930534363,0,-0.516279935836792,-0.6529430747032166,0.5541849732398987,0,0,16.425010681152344,0,1,0.9235630035400391,-0.3833610415458679,-0.008051000535488129,0,0.38344302773475647,0.9232739806175232,0.023163001984357834,0,-0.0014470010064542294,-0.024479001760482788,0.9996989965438843,0,0,39.7686882019043,0,1,0.9322769641876221,0.19518503546714783,-0.3045691251754761,0,-0.12705902755260468,0.9649819731712341,0.22948992252349854,0,0.33869609236717224,-0.1752498894929886,0.9244310259819031,0,0,40.623146057128906,0,1,0.9990429878234863,0.04343999922275543,0.005198999773710966,0,-0.043460000306367874,0.9717360138893127,0.23203399777412415,0,0.005028000101447105,-0.2320380061864853,0.9726939797401428,0,0,18.520959854125977,0,1,0.9968240261077881,0.07823800295591354,0.014825999736785889,0,-0.07892099767923355,0.9458730220794678,0.31479600071907043,0,0.010606000199913979,-0.31496700644493103,0.9490439891815186,0,0,2.42889404296875,0,1,0.984013020992279,-0.17776300013065338,0.010854999534785748,0,0.1779700070619583,0.9837740063667297,-0.02270199917256832,0,-0.006643000058829784,0.024271000176668167,0.9996830224990845,0,0.14674200117588043,3.652707099914551,-0.39110100269317627,1,-0.9386810064315796,-0.09288902580738068,0.3320379853248596,0,0.17389002442359924,-0.959119975566864,0.22327400743961334,0,0.29772499203681946,0.26732099056243896,0.9164599776268005,0,14.099204063415527,-7.572951793670654,0.4873479902744293,1,0.9833790063858032,0.11573800444602966,0.13989399373531342,0,-0.062375009059906006,0.9389489889144897,-0.33835500478744507,0,-0.17051400244235992,0.32400500774383545,0.9305620193481445,0,0,67.04618072509766,0,1,0.9761829972267151,-0.16718101501464844,-0.1382639855146408,0,0.2168940007686615,0.7378759980201721,0.6391370296478271,0,-0.004830016288906336,-0.6539030075073242,0.7565630078315735,0,0,64.694091796875,0,1,0.9194319844245911,0,-0.3932490050792694,0,0.30975499749183655,0.6160809993743896,0.7242209911346436,0,0.2422730028629303,-0.7876819968223572,0.566444993019104,0,0,12.362526893615723,0,1,-0.9264090061187744,0.008078972809016705,-0.37643200159072876,0,-0.09244396537542343,-0.9740480184555054,0.20660199224948883,0,-0.36499300599098206,0.22619697451591492,0.9031140208244324,0,-14.099204063415527,-7.572951793670654,0.44704198837280273,1,0.9839019775390625,0.01677299104630947,0.17791900038719177,0,0.04524500295519829,0.9397680163383484,-0.3388039767742157,0,-0.17288599908351898,0.3413999676704407,0.9238809943199158,0,0,67.04611206054688,0,1,0.9934279918670654,0.06541799753904343,0.09392499178647995,0,-0.10918999463319778,0.2954710125923157,0.9490910172462463,0,0.034334998577833176,-0.9531090259552002,0.3006719946861267,0,0,64.71807098388672,0,1,0.9694989919662476,0,0.24509400129318237,0,-0.10668600350618362,0.9002919793128967,0.4220089912414551,0,-0.22065599262714386,-0.4352859854698181,0.8728330135345459,0,0,22.355493545532227,0,1
K0.100,0.9953259825706482,-0.021932000294327736,0.09404399991035461,0,0.017187999561429024,0.9985529780387878,0.05096200108528137,0,-0.09502600133419037,-0.04910700023174286,0.9942629933357239,0,0.42141398787498474,149.6736602783203,-1.1917530298233032,1,0.9995980262756348,0.019531000405550003,0.020576000213623047,0,-0.017978999763727188,0.9971640110015869,-0.07307499647140503,0,-0.02194399945437908,0.07267600297927856,0.9971140027046204,0,0,13.631317138671875,-0.9066920280456543,1,0.9997619986534119,0.014642000198364258,0.01620200090110302,0,-0.014328000135719776,0.9997109770774841,-0.019317999482154846,0,-0.01648000068962574,0.019082000479102135,0.9996820092201233,0,0,15.938353538513184,0,1,0.999763011932373,0.015170999802649021,0.015607999637722969,0,-0.01486899983137846,0.9997029900550842,-0.01933000050485134,0,-0.01589599996805191,0.019092999398708344,0.9996910095214844,0,0,18.215255737304688,0,1,0.9995440244674683,-0.007674000225961208,-0.029217999428510666,0,0.006934000179171562,0.99965500831604,-0.025326000526547432,0,0.029402000829577446,0.025111999362707138,0.9992520213127136,0,0,20.492156982421875,0,1,0.9908829927444458,-0.020798999816179276,-0.13311299681663513,0,0.01807600073516369,0.9996029734611511,-0.021635999903082848,0,0.13350999355316162,0.019032999873161316,0.9908649921417236,0,0,11.188323974609375,0.8124110102653503,1,-0.21955899894237518,-0.025326000526547432,-0.9752709865570068,0,0.9332889914512634,-0.296656996011734,-0.20240400731563568,0,-0.2841950058937073,-0.9546480178833008,0.08877000212669373,0,8.006896018981934,18.147985458374023,-0.30256399512290955,1,0.2856760025024414,0.8508740067481995,-0.4409100115299225,0,-0.266182005405426,0.5124319791793823,0.816431999206543,0,0.9206169843673706,-0.11587300151586533,0.37287700176239014,0,0,16.42500877380371,0,1,0.9313250184059143,0.3641110062599182,0.00748499995097518,0,-0.3641760051250458,0.9309309720993042,0.027267999947071075,0,0.0029609999619424343,-0.02812100015580654,0.9995999932289124,0,0,39.748775482177734,0,1,0.891202986240387,-0.1277499943971634,0.43524500727653503,0,0.11602800339460373,0.9918019771575928,0.05352900177240372,0,-0.4385150074958801,0.0027950003277510405,0.8987200260162354,0,0,40.615203857421875,0,1,0.9978629946708679,-0.0643170028924942,-0.011479999870061874,0,0.06457500159740448,0.9442409873008728,0.322860985994339,0,-0.009925000369548798,-0.3229120075702667,0.9463769793510437,0,0,18.760311126708984,0,1,0.9973869919776917,-0.07120899856090546,-0.012202000245451927,0,0.07159499824047089,0.9515389800071716,0.29907700419425964,0,-0.009686999954283237,-0.29916900396347046,0.9541509747505188,0,0,2.4333369731903076,0,1,0.9964200258255005,0.08444900065660477,-0.0038840000052005053,0,-0.08451999723911285,0.9961050152778625,-0.025111999362707138,0,0.0017480000387877226,0.02535099908709526,0.9996770024299622,0,-0.10917100310325623,3.5798709392547607,-0.33113399147987366,1,0.09975899755954742,-0.06175500154495239,0.9930930137634277,0,-0.9620620012283325,-0.26070600748062134,0.08043000102043152,0,0.2539379894733429,-0.963441014289856,-0.08541999757289886,0,-8.006896018981934,18.128562927246094,-0.010575000196695328,1,0.8216750025749207,-0.5548530220985413,0.13033799827098846,0,0.22368599474430084,0.5242639780044556,0.8216519951820374,0,-0.5242279767990112,-0.6459760069847107,0.5548880100250244,0,0,16.425010681152344,0,1,0.9268959760665894,-0.375234991312027,-0.00784900039434433,0,0.37531501054763794,0.9266200065612793,0.022671999409794807,0,-0.0012339999666437507,-0.023959999904036522,0.9997119903564453,0,0,39.7686882019043,0,1,0.9380080103874207,0.1933860033750534,-0.2876499891281128,0,-0.1262200027704239,0.963483989238739,0.23614999651908875,0,0.3228139877319336,-0.18520399928092957,0.9281650185585022,0,0,40.623146057128906,0,1,0.9990429878234863,0.043439000844955444,0.005197999998927116,0,-0.043460000306367874,0.9717360138893127,0.23203399777412415,0,0.005028000101447105,-0.2320380061864853,0.9726939797401428,0,0,18.520959854125977,0,1,0.9968240261077881,0.07823800295591354,0.014825999736785889,0,-0.07891999930143356,0.9458730220794678,0.31479600071907043,0,0.010606000199913979,-0.31496700644493103,0.9490429759025574,0,0,2.42889404296875,0,1,0.984013020992279,-0.17776300013065338,0.010854999534785748,0,0.1779700070619583,0.9837740063667297,-0.02270199917256832,0,-0.006643000058829784,0.024271000176668167,0.9996830224990845,0,0.14674200117588043,3.652707099914551,-0.39110100269317627,1,-0.9382420182228088,-0.08729799836874008,0.33478400111198425,0,0.16937999427318573,-0.959650993347168,0.22445499897003174,0,0.3016810119152069,0.26729899644851685,0.9151719808578491,0,14.099204063415527,-7.572951793670654,0.4873479902744293,1,0.983335018157959,0.11654900014400482,0.13952699303627014,0,-0.06321000307798386,0.938772976398468,-0.338687002658844,0,-0.17045800387859344,0.32422399520874023,0.9304959774017334,0,0,67.04618072509766,0,1,0.9761859774589539,-0.16586899757385254,-0.13981899619102478,0,0.2169180065393448,0.7376869916915894,0.6393460035324097,0,-0.002905000001192093,-0.654449999332428,0.7560999989509583,0,0,64.694091796875,0,1,0.9194319844245911,0,-0.3932490050792694,0,0.30975499749183655,0.6160809993743896,0.7242209911346436,0,0.2422730028629303,-0.7876819968223572,0.566444993019104,0,0,12.362526893615723,0,1,-0.9266960024833679,0.012454000301659107,-0.3756049871444702,0,-0.09838899970054626,-0.9726309776306152,0.2104949951171875,0,-0.36270400881767273,0.23202000558376312,0.9025589823722839,0,-14.099204063415527,-7.572951793670654,0.44704198837280273,1,0.9839299917221069,0.0184749998152256,0.17759600281715393,0,0.04452899843454361,0.9378179907798767,-0.34425801038742065,0,-0.17291299998760223,0.34663400053977966,0.9219250082969666,0,0,67.04611206054688,0,1,0.9933879971504211,0.06555899977684021,0.09425099939107895,0,-0.10947400331497192,0.2935200035572052,0.9496639966964722,0,0.034595001488924026,-0.9537019729614258,0.2987560033798218,0,0,64.71807098388672,0,1,0.9694989919662476,0,0.24509400129318237,0,-0.10668600350618362,0.9002919793128967,0.4220089912414551,0,-0.22065599262714386,-0.4352859854698181,0.8728330135345459,0,0,22.355493545532227,0,1
K0.133,0.9951339960098267,-0.016879932954907417,0.09707903861999512,0,0.011903931386768818,0.9985970258712769,0.05160699412226677,0,-0.09781403094530106,-0.050200000405311584,0.9939380288124084,0,0.6704292893409729,149.62646484375,-1.2233984470367432,1,0.999646008014679,0.017853975296020508,0.019748974591493607,0,-0.01640397682785988,0.9973220229148865,-0.07127796858549118,0,-0.020968971773982048,0.07092896848917007,0.9972609877586365,0,0,13.631317138671875,-0.9066920280456543,1,0.9997910261154175,0.013295980170369148,0.015543979592621326,0,-0.013016981072723866,0.999754011631012,-0.01793598011136055,0,-0.01577797904610634,0.017729979008436203,0.9997180104255676,0,0,15.938353538513184,0,1,0.9997919797897339,0.013796979561448097,0.015019980259239674,0,-0.013526980765163898,0.9997479915618896,-0.017941979691386223,0,-0.015263979323208332,0.017734980210661888,0.9997259974479675,0,0,18.215255737304688,0,1,0.9995229840278625,-0.008661014959216118,-0.029652995988726616,0,0.007718012668192387,0.9994660019874573,-0.031749095767736435,0,0.02991199865937233,0.031505096703767776,0.9990559816360474,0,0,20.492156982421875,0,1,0.9906569719314575,-0.024284040555357933,-0.1341959685087204,0,0.02050202526152134,0.9993550181388855,-0.02949412167072296,0,0.1348249763250351,0.02646711841225624,0.9905160069465637,0,0,11.188323974609375,0.8124110102653503,1,-0.21768097579479218,-0.02539299987256527,-0.9756900072097778,0,0.934598982334137,-0.2935549318790436,-0.2008729726076126,0,-0.28131794929504395,-0.9556049704551697,0.08763297647237778,0,8.006896018981934,18.147985458374023,-0.30256399512290955,1,0.2797698974609375,0.8554710745811462,-0.4357728958129883,0,-0.2714630961418152,0.5058639049530029,0.8187850713729858,0,0.9208890199661255,-0.1107759177684784,0.3737550377845764,0,0,16.42500877380371,0,1,0.9317139983177185,0.36311498284339905,0.007454999256879091,0,-0.3631799817085266,0.9313219785690308,0.02719299867749214,0,0.0029309990350157022,-0.028043998405337334,0.9996020197868347,0,0,39.748775482177734,0,1,0.8892059922218323,-0.1293320208787918,0.43884703516960144,0,0.11313895881175995,0.9915810227394104,0.06298211216926575,0,-0.4432980418205261,-0.006353117525577545,0.8963519930839539,0,0,40.615203857421875,0,1,0.9978629946708679,-0.0643170028924942,-0.011481000110507011,0,0.06457500159740448,0.9442409873008728,0.322860985994339,0,-0.009925000369548798,-0.3229120075702667,0.9463769793510437,0,0,18.760311126708984,0,1,0.9973869919776917,-0.07120899856090546,-0.012202000245451927,0,0.07159499824047089,0.9515389800071716,0.29907700419425964,0,-0.009686999954283237,-0.29916900396347046,0.9541509747505188,0,0,2.4333369731903076,0,1,0.9964200258255005,0.08444900065660477,-0.0038840000052005053,0,-0.08451999723911285,0.9961050152778625,-0.025111999362707138,0,0.0017480000387877226,0.02535099908709526,0.9996770024299622,0,-0.10917100310325623,3.5798709392547607,-0.33113399147987366,1,0.10095901787281036,-0.06220700591802597,0.9929440021514893,0,-0.9620559811592102,-0.26039499044418335,0.08150501549243927,0,0.2534880042076111,-0.9634960293769836,-0.08613501489162445,0,-8.006896018981934,18.128562927246094,-0.010575000196695328,1,0.810968816280365,-0.5712752342224121,0.12638889253139496,0,0.23915627598762512,0.5208039283752441,0.8194919228553772,0,-0.533980131149292,-0.6343558430671692,0.5589801073074341,0,0,16.425010681152344,0,1,0.9328321218490601,-0.36023473739624023,-0.007490994408726692,0,0.36031174659729004,0.9325781464576721,0.021764984354376793,0,-0.0008549938211217523,-0.023001983761787415,0.9997349977493286,0,0,39.7686882019043,0,1,0.9444300532341003,0.19194798171520233,-0.2668488025665283,0,-0.12761200964450836,0.962224006652832,0.24049803614616394,0,0.3029308319091797,-0.1930810660123825,0.9332480430603027,0,0,40.623146057128906,0,1,0.9990419745445251,0.04344100132584572,0.005198999773710966,0,-0.04346200078725815,0.9717339873313904,0.23204299807548523,0,0.005028000101447105,-0.2320459932088852,0.9726920127868652,0,0,18.520959854125977,0,1,0.9968240261077881,0.07823800295591354,0.014825000427663326,0,-0.07891999930143356,0.9458730220794678,0.31479600071907043,0,0.010606000199913979,-0.31496700644493103,0.9490429759025574,0,0,2.42889404296875,0,1,0.984013020992279,-0.17776300013065338,0.010854999534785748,0,0.1779700070619583,0.9837740063667297,-0.02270199917256832,0,-0.006643000058829784,0.024271000176668167,0.9996830224990845,0,0.14674200117588043,3.652707099914551,-0.39110100269317627,1,-0.9373859763145447,-0.07882290333509445,0.33925601840019226,0,0.16250291466712952,-0.960515022277832,0.22583900392055511,0,0.30806005001068115,0.2668279707431793,0.9131820201873779,0,14.099204063415527,-7.572951793670654,0.4873479902744293,1,0.9832299947738647,0.11820900440216064,0.13887299597263336,0,-0.06489700824022293,0.9384300112724304,-0.33931899070739746,0,-0.17043299973011017,0.3246169984340668,0.9303640127182007,0,0,67.04618072509766,0,1,0.9762849807739258,-0.16429497301578522,-0.14097899198532104,0,0.21648697555065155,0.7372710108757019,0.639972984790802,0,-0.0012049925280734897,-0.6553159952163696,0.7553539872169495,0,0,64.694091796875,0,1,0.9194319844245911,0,-0.3932490050792694,0,0.30975499749183655,0.6160809993743896,0.7242209911346436,0,0.2422730028629303,-0.7876819968223572,0.566444993019104,0,0,12.362526893615723,0,1,-0.9277549982070923,0.01915408857166767,-0.37269896268844604,0,-0.10693711042404175,-0.9704480171203613,0.21632206439971924,0,-0.35754093527793884,0.24054908752441406,0.9023860096931458,0,-14.099204063415527,-7.572951793670654,0.44704198837280273,1,0.9839709997177124,0.020994022488594055,0.17708900570869446,0,0.04345899447798729,0.9348759651184082,-0.35230308771133423,0,-0.17295299470424652,0.35435208678245544,0.9189789295196533,0,0,67.04611206054688,0,1,0.9933639764785767,0.06592901051044464,0.09423601627349854,0,-0.10946602374315262,0.29069697856903076,0.9505329728126526,0,0.03527400642633438,-0.954541027545929,0.29598498344421387,0,0,64.71807098388672,0,1,0.9694989919662476,0,0.24509400129318237,0,-0.10668600350618362,0.9002919793128967,0.4220089912414551,0,-0.22065599262714386,-0.4352859854698181,0.8728330135345459,0,0,22.355493545532227,0,1
