0.967,30,29,65
B0,mixamorig_Hips,-1,0.9886905550956726,-0.03539581224322319,-0.14559470117092133,0,0.03343547508120537,0.9992969036102295,-0.015883417800068855,0,0.14605611562728882,0.010848593898117542,0.9892144203186035,0,1.481021761894226,140.65902709960938,4.071776390075684,1
B1,mixamorig_Spine,0,0.9987843632698059,0.036795251071453094,0.03246650472283363,0,-0.035572540014982224,0.9986567497253418,-0.03741615265607834,0,-0.0337970145046711,0.03622549772262573,0.9987692832946777,0,0,14.052734375,-0.9930750131607056,1
B2,mixamorig_Spine1,1,0.996925413608551,0.00337345153093338,0.07826489955186844,0,-0.0055982209742069244,0.9995850324630737,0.028179919347167015,0,-0.07813889533281326,-0.028531013056635857,0.9965304732322693,0,0,16.43573760986328,0,1
B3,mixamorig_Spine2,2,0.996988832950592,-0.002871044212952256,0.0774705559015274,0,0.006909494288265705,0.9986218810081482,-0.05196497216820717,0,-0.0772172138094902,0.05234595388174057,0.9956348538398743,0,0,18.78371238708496,0,1
B4,mixamorig_Neck,3,0.9992831945419312,-0.03785296529531479,-0.0005302102072164416,0,0.037850458174943924,0.9992719888687134,-0.004715660586953163,0,0.000708343752194196,0.004692513961344957,0.9999879598617554,0,0,21.131654739379883,-9.999999974752427e-7,1
B5,mixamorig_Head,4,0.999871551990509,-0.015212695114314556,-0.003590991720557213,0,0.015207353979349136,0.9998764395713806,-0.0016180779784917831,0,0.0036188934464007616,0.001564649399369955,0.9999913573265076,0,0,8.71087646484375,0.649304986000061,1
B6,mixamorig_HeadTop_End,5,1,0,0,0,0,1,0,0,0,0,1,0,0,41.812957763671875,3.1167209148406982,1
B7,mixamorig_LeftShoulder,3,0.3563683032989502,0.13060294091701508,-0.9251575469970703,0,0.9229069352149963,-0.20357228815555573,0.32676389813423157,0,-0.14565883576869965,-0.9703096151351929,-0.19308514893054962,0,8.001996040344238,18.918903350830078,-0.3112339973449707,1
B8,mixamorig_LeftArm,7,0.967287540435791,-0.24313944578170776,-0.07137841731309891,0,0.20049260556697845,0.562080979347229,0.8021942973136902,0,-0.15511609613895416,-0.7903392910957336,0.5925318002700806,0,0,16.365602493286133,0,1
B9,mixamorig_LeftForeArm,8,0.40788567066192627,0.911727249622345,0.048620566725730896,0,-0.911902129650116,0.40416911244392395,0.07116084545850754,0,0.04522999748587608,-0.07336218655109406,0.9962792992591858,0,0,40.218624114990234,0,1
B10,mixamorig_LeftHand,9,0.9136201739311218,0.2350873053073883,-0.3313857316970825,0,-0.27735790610313416,0.9568847417831421,-0.08592437952756882,0,0.29692667722702026,0.17032988369464874,0.9394994974136353,0,0,34.10688018798828,0,1
B11,mixamorig_LeftHandThumb1,10,0.7144564986228943,0.3799256384372711,-0.5875422358512878,0,-0.3005504906177521,0.924944281578064,0.2326425462961197,0,0.6318303942680359,0.010372824035584927,0.7750199437141418,0,-3.4304990768432617,6.394920825958252,2.3557169437408447,1
B12,mixamorig_LeftHandThumb2,11,0.8895719647407532,-0.2369593232870102,0.3903794288635254,0,0.1653454601764679,0.9639167785644531,0.20795086026191711,0,-0.425656259059906,-0.12037071585655212,0.8966585993766785,0,0.05008799955248833,6.103577136993408,0,1
B13,mixamorig_LeftHandThumb3,12,0.9231513738632202,0.1265818476676941,-0.36297720670700073,0,-0.18153557181358337,0.9758594036102295,-0.12133530527353287,0,0.3388628661632538,0.1779000610113144,0.9238457679748535,0,-0.10409499704837799,5.582764148712158,0,1
B14,mixamorig_LeftHandThumb4,13,1,0,0,0,0,1,0,0,0,0,1,0,0.05400799959897995,4.648556232452393,0,1
B15,mixamorig_LeftHandIndex1,10,0.9979364275932312,0.028033506125211716,-0.057658951729536057,0,-0.034290384501218796,0.9929866790771484,-0.11177296936511993,0,0.054113540798425674,0.11351744085550308,0.9918993711471558,0,-5.124423027038574,21.986095428466797,0.145673006772995,1
B16,mixamorig_LeftHandIndex2,15,0.9989102482795715,-0.046387575566768646,-0.005122972186654806,0,0.04587693512439728,0.9558577537536621,0.2902255952358246,0,-0.008566011674702168,-0.2901444733142853,0.956944465637207,0,-0.00002099999983329326,3.5268421173095703,0,1
B17,mixamorig_LeftHandIndex3,16,0.9999899864196777,-0.004425084218382835,0.00031223500263877213,0,0.004392956383526325,0.9976134300231934,0.06890346109867096,0,-0.0006161474739201367,-0.06890133768320084,0.9976234436035156,0,0.000547999981790781,3.572993040084839,0,1
B18,mixamorig_LeftHandIndex4,17,1,0,0,0,0,1,0,0,0,0,1,0,-0.000526999996509403,2.572927951812744,0,1
B19,mixamorig_LeftHandMiddle1,10,0.9993031620979309,-0.037255655974149704,-0.002287786453962326,0,0.036915794014930725,0.9774492383003235,0.20780257880687714,0,-0.005504491738975048,-0.20774225890636444,0.9781436920166016,0,-1.5863289833068848,22.938554763793945,-0.07304000109434128,1
B20,mixamorig_LeftHandMiddle2,19,0.9976938962936401,-0.06674404442310333,-0.012360019609332085,0,0.06497591733932495,0.886378824710846,0.4583774507045746,0,-0.01963827572762966,-0.45812347531318665,0.8886710405349731,0,-0.00027200000477023423,4.065708160400391,0,1
B21,mixamorig_LeftHandMiddle3,20,0.9993059039115906,-0.036845169961452484,-0.005469765048474073,0,0.0369061678647995,0.9594863057136536,0.2793273627758026,0,-0.005043637473136187,-0.2793353796005249,0.960180401802063,0,0.0005280000041238964,3.6918890476226807,0,1
B22,mixamorig_LeftHandMiddle4,21,1,0,0,0,0,1,0,0,0,0,1,0,-0.0002570000069681555,2.829813003540039,0,1
B23,mixamorig_LeftHandRing1,10,0.9974064230918884,-0.07045760005712509,-0.014709883369505405,0,0.06843498349189758,0.8650083541870117,0.497028112411499,0,-0.022294657304883003,-0.4967450499534607,0.867586076259613,0,1.990501046180725,23.168066024780273,-0.4378890097141266,1
B24,mixamorig_LeftHandRing2,23,0.9991660118103027,-0.039975862950086594,-0.008294454775750637,0,0.0406038835644722,0.9517615437507629,0.30413898825645447,0,-0.004263394977897406,-0.30422210693359375,0.9525915384292603,0,0.0013989999424666166,3.1800289154052734,0,1
B25,mixamorig_LeftHandRing3,24,0.9996642470359802,-0.025213245302438736,-0.0060144150629639626,0,0.02591964788734913,0.9734776616096497,0.22730720043182373,0,0.0001233025104738772,-0.2273864597082138,0.9738042950630188,0,-0.00029799999902024865,3.3116979598999023,0,1
B26,mixamorig_LeftHandRing4,25,1,0,0,0,0,1,0,0,0,0,1,0,-0.0010999999940395355,2.0557870864868164,0,1
B27,mixamorig_LeftHandPinky1,10,0.9898533821105957,-0.13710416853427887,-0.03730746731162071,0,0.1384747177362442,0.871977686882019,0.46953085064888,0,-0.031845834106206894,-0.46993306279182434,0.8821151256561279,0,4.720250129699707,21.891002655029297,0.167930006980896,1
B28,mixamorig_LeftHandPinky2,27,0.9984898567199707,-0.053893912583589554,-0.010652892291545868,0,0.05212578549981117,0.8681799173355103,0.4935048222541809,0,-0.017348147928714752,-0.49331483244895935,0.8696780800819397,0,-0.0004769999941345304,2.2031569480895996,0,1
B29,mixamorig_LeftHandPinky3,28,0.9996020197868347,-0.028174912557005882,-0.0014243824407458305,0,0.02812991291284561,0.9916336536407471,0.12597911059856415,0,-0.0021363822743296623,-0.12596897780895233,0.9920316934585571,0,-0.0004920000210404396,1.86707603931427,0,1
B30,mixamorig_LeftHandPinky4,29,1,0,0,0,0,1,0,0,0,0,1,0,0.0009679999784566462,1.2460689544677734,0,1
B31,mixamorig_RightShoulder,3,0.03841714188456535,0.016697630286216736,0.9990823864936829,0,-0.9565024971961975,-0.28861355781555176,0.04160498455166817,0,0.2890445291996002,-0.9572992920875549,0.004889263771474361,0,-8.001996040344238,18.897123336791992,-0.003046999918296933,1
B32,mixamorig_RightArm,31,0.7662355899810791,0.3762872517108917,0.5208050608634949,0,-0.6325011849403381,0.29902151226997375,0.7145020365715027,0,0.11310858279466629,-0.8768928050994873,0.46714290976524353,0,0,16.3656005859375,0,1
B33,mixamorig_RightForeArm,32,0.8654339909553528,-0.5007966160774231,-0.012406377121806145,0,0.500917375087738,0.8648315072059631,0.03278796374797821,0,-0.005695242900401354,-0.03459103778004646,0.9993854761123657,0,0,40.2408561706543,0,1
B34,mixamorig_RightHand,33,0.8317930698394775,0.10463652014732361,0.5449087619781494,0,-0.18937598168849945,0.9764686226844788,0.10184484720230103,0,-0.5213988423347473,-0.18779443204402924,0.8322124481201172,0,0,34.11394119262695,0,1
B35,mixamorig_RightHandThumb1,34,0.8868660926818848,-0.2943693697452545,0.35600006580352783,0,0.1980975717306137,0.9385325908660889,0.28255149722099304,0,-0.41732409596443176,-0.18006488680839539,0.8907390236854553,0,3.4725589752197266,6.503436088562012,2.6446518898010254,1
B36,mixamorig_RightHandThumb2,35,0.9758015871047974,0.08458473533391953,0.20154187083244324,0,-0.041903361678123474,0.9773703217506409,-0.2072964757680893,0,-0.2145169973373413,0.193856880068779,0.9572785496711731,0,0.20625600218772888,6.262588977813721,0,1
B37,mixamorig_RightHandThumb3,36,0.9231499433517456,-0.3378545343875885,-0.18343044817447662,0,0.34260764718055725,0.9394577741622925,-0.006112998351454735,0,0.17439106106758118,-0.057200536131858826,0.9830134510993958,0,0.16963399946689606,5.428116798400879,0,1
B38,mixamorig_RightHandThumb4,37,1,0,0,0,0,1,0,0,0,0,1,0,-0.37588900327682495,4.29663610458374,0,1
B39,mixamorig_RightHandIndex1,34,0.9933280348777771,-0.11521689593791962,0.0022716084495186806,0,0.11518719047307968,0.9931460618972778,0.014744999818503857,0,-0.0039053226355463266,-0.014383670873939991,0.9998068809509277,0,5.090911865234375,21.570802688598633,-0.029138000681996346,1
B40,mixamorig_RightHandIndex2,39,0.9979415535926819,0.06298644840717316,0.012018979527056217,0,-0.0616484098136425,0.8908668160438538,0.4500614106655121,0,0.017640570178627968,-0.44987615942955017,0.8929162621498108,0,-0.000028000000384054147,3.7846291065216064,0,1
B41,mixamorig_RightHandIndex3,40,0.9999134540557861,0.012890804558992386,-0.002539282198995352,0,-0.011530127376317978,0.9536362886428833,0.30073899030685425,0,0.006298114079982042,-0.30068373680114746,0.9537028670310974,0,0.000039999998989515007,3.663832902908325,0,1
B42,mixamorig_RightHandIndex4,41,1,0,0,0,0,1,0,0,0,0,1,0,-0.000012000000424450263,2.856606960296631,0,1
B43,mixamorig_RightHandMiddle1,34,0.9992136359214783,0.03943309932947159,0.002698735799640417,0,-0.03911402449011803,0.9767796993255615,0.2102077156305313,0,0.0056957071647048,-0.2101486325263977,0.9775640368461609,0,1.7376790046691895,22.911474227905273,-0.07990100234746933,1
B44,mixamorig_RightHandMiddle2,43,0.9964752197265625,0.08093410730361938,0.022064514458179474,0,-0.07746981084346771,0.7869349718093872,0.6121531128883362,0,0.032180704176425934,-0.6117047667503357,0.7904307246208191,0,0.00004600000102072954,4.017561912536621,0,1
B45,mixamorig_RightHandMiddle3,44,0.998221755027771,0.05760687217116356,0.015329347923398018,0,-0.05730574205517769,0.856506884098053,0.5129446983337402,0,0.016419731080532074,-0.5129107236862183,0.8582843542098999,0,-0.00009600000339560211,3.6927289962768555,0,1
B46,mixamorig_RightHandMiddle4,45,1,0,0,0,0,1,0,0,0,0,1,0,0.000048999998398358,2.9450631141662598,0,1
B47,mixamorig_RightHandRing1,34,0.9958059787750244,0.08711669594049454,0.027949946001172066,0,-0.08880721777677536,0.8469562530517578,0.5240997076034546,0,0.0219859778881073,-0.524383544921875,0.8511404395103455,0,-2.0424020290374756,22.845932006835938,-0.27081298828125,1
B48,mixamorig_RightHandRing2,47,0.9987421035766602,0.04841591417789459,0.01306725200265646,0,-0.04951495677232742,0.9108238220214844,0.40981441736221313,0,0.007939917966723442,-0.40994569659233093,0.9120747447013855,0,-0.002403999911621213,3.2847208976745605,0,1
B49,mixamorig_RightHandRing3,48,0.9999716281890869,0.007475270889699459,-0.0012756247306242585,0,-0.006544613745063543,0.9356949329376221,0.3527483642101288,0,0.003830455243587494,-0.3527302145957947,0.9357171654701233,0,-0.0006019999855197966,3.4200000762939453,0,1
B50,mixamorig_RightHandRing4,49,1,0,0,0,0,1,0,0,0,0,1,0,0.0030060000717639923,2.219630002975464,0,1
B51,mixamorig_RightHandPinky1,34,0.9918427467346191,0.11968176066875458,0.0438573993742466,0,-0.12100695073604584,0.7759507298469543,0.6190323233604431,0,0.04005153477191925,-0.6192898750305176,0.7841035723686218,0,-4.786189079284668,21.68233871459961,-0.006763000041246414,1
B52,mixamorig_RightHandPinky2,51,0.9959204792976379,0.08421936631202698,0.03240940347313881,0,-0.07864055037498474,0.6338534355163574,0.7694414854049683,0,0.044259436428546906,-0.7688513398170471,0.6378906965255737,0,-0.0017480000387877226,2.2173030376434326,0,1
B53,mixamorig_RightHandPinky3,52,0.9984368681907654,0.05587305128574371,-0.0013684764271602035,0,-0.03876428306102753,0.7099282741546631,0.7032031416893005,0,0.04026235640048981,-0.702051043510437,0.7109845876693726,0,-0.0008210000232793391,2.010317087173462,0,1
B54,mixamorig_RightHandPinky4,53,1,0,0,0,0,1,0,0,0,0,1,0,0.0025690000038594007,1.0639890432357788,0,1
B55,mixamorig_LeftUpLeg,0,-0.9912087917327881,-0.09728133678436279,0.0866159126162529,0,0.08983086794614792,-0.9923332929611206,-0.07691658288240433,0,0.09347055852413177,-0.06843190640211105,0.992348313331604,0,14.099202156066895,-7.80706787109375,0.2510110139846802,1
B56,mixamorig_LeftLeg,55,0.9894300103187561,0.010690638795495033,-0.14426036179065704,0,-0.1206601932644844,0.5994949340820312,-0.7868119478225708,0,0.07872037589550018,0.7959890961647034,0.5943503975868225,0,0,64.926025390625,0,1
B57,mixamorig_LeftFoot,56,0.9751371145248413,-0.2053380310535431,-0.06720159947872162,0,0.21604403853416443,0.8847540020942688,0.41125842928886414,0,-0.024153707548975945,-0.4150359332561493,0.9078823328018188,0,0,64.20130157470703,0,1
B58,mixamorig_LeftToeBase,57,0.9996541738510132,-0.002055700169876218,0.026128320023417473,0,-0.019013768061995506,0.6280953288078308,0.7747589945793152,0,-0.018150795251131058,-0.7749896049499512,0.6278393268585205,0,0,13.496685028076172,0,1
B59,mixamorig_LeftToe_End,58,1,0,0,0,0,1,0,0,0,0,1,0,0,3.456465005874634,0,1
B60,mixamorig_RightUpLeg,0,-0.9774017930030823,-0.1401481330394745,-0.15807616710662842,0,0.052335768938064575,-0.8855960965156555,0.46124473214149475,0,-0.20455579459667206,0.44260168075561523,0.872958779335022,0,-14.099202156066895,-7.80706787109375,0.2107049971818924,1
B61,mixamorig_RightLeg,60,0.999018132686615,-0.004532450810074806,0.043744105845689774,0,0.025144824758172035,0.8749917149543762,-0.48301756381988525,0,-0.036195285618305206,0.4836512804031372,0.8742690086364746,0,0,64.92598724365234,0,1
B62,mixamorig_RightFoot,61,0.9963392615318298,-0.027346326038241386,-0.08086521923542023,0,0.08369739353656769,0.48443102836608887,0.8697222471237183,0,0.0153170395642519,-0.8733031153678894,0.4849599301815033,0,0,64.18057250976562,0,1
B63,mixamorig_RightToeBase,62,0.99956876039505,-0.02220264822244644,0.018891705200076103,0,0.010347682982683182,0.8762013912200928,0.4818263053894043,0,-0.027252111583948135,-0.48142117261886597,0.8760560750961304,0,0,22.28676986694336,-9.999999974752427e-7,1
B64,mixamorig_RightToe_End,63,1,0,0,0,0,1,0,0,0,0,1,0,0,10.420294761657715,0,1
@52,0,1,2,3,4,5,7,8,9,10,11,12,13,15,16,17,19,20,21,23,24,25,27,28,29,31,32,33,34,35,36,37,39,40,41,43,44,45,47,48,49,51,52,53,55,56,57,58,60,61,62,63
K0.000,0.9825360178947449,-0.06882300227880478,-0.17287799715995789,0,0.06693899631500244,0.9976170063018799,-0.01671000011265278,0,0.17361600697040558,0.004846000112593174,0.9848009943962097,0,0.4743860065937042,145.93795776367188,-0.721455991268158,1,0.9988189935684204,0.046404000371694565,0.014426000416278839,0,-0.04602399840950966,0.9986109733581543,-0.025655999779701233,0,-0.015596999786794186,0.02496200054883957,0.9995669722557068,0,0,14.052734375,-0.9930750131607056,1,0.9991000294685364,0.010743999853730202,0.04102500155568123,0,-0.011912999674677849,0.9995269775390625,0.028362000361084938,0,-0.0407009981572628,-0.028824999928474426,0.9987549781799316,0,0,16.43573760986328,0,1,0.9991949796676636,0.0036180000752210617,0.039948999881744385,0,-0.0015719999792054296,0.9986910223960876,-0.05112500116229057,0,-0.04008200019598007,0.05102099850773811,0.9978929758071899,0,0,18.78371238708496,0,1,0.9996510148048401,-0.01740800030529499,0.019884999841451645,0,0.017169000580906868,0.9997789859771729,0.012117999605834484,0,-0.02009199932217598,-0.011772999539971352,0.9997289776802063,0,0,21.131654739379883,0,1,0.9977390170097351,0.006990999914705753,0.06684999912977219,0,-0.005402000155299902,0.9996989965438843,-0.023910999298095703,0,-0.0669969990849495,0.023496000096201897,0.9974759817123413,0,0,8.71087646484375,0.649304986000061,1,0.32827699184417725,0.1283169984817505,-0.935824990272522,0,0.9310129880905151,-0.21127299964427948,0.2976199984550476,0,-0.15952500700950623,-0.9689679741859436,-0.1888210028409958,0,8.001996040344238,18.918903350830078,-0.3112339973449707,1,0.9893109798431396,-0.1341259926557541,-0.05720999836921692,0,0.10824300348758698,0.41262099146842957,0.9044489860534668,0,-0.09770400077104568,-0.9009739756584167,0.4227289855480194,0,0,16.365602493286133,0,1,0.8070849776268005,0.5901769995689392,0.017469000071287155,0,-0.5902900099754333,0.8058760166168213,0.04606400057673454,0,0.01310800015926361,-0.047488998621702194,0.9987859725952148,0,0,40.218624114990234,0,1,0.8822730183601379,0.2770639955997467,-0.3805660009384155,0,-0.287088006734848,0.9573879837989807,0.03144599869847298,0,0.37306201457977295,0.08151199668645859,0.924219012260437,0,0,34.10688018798828,0,1,0.7235379815101624,0.38057199120521545,-0.5758969783782959,0,-0.2648789882659912,0.9234930276870728,0.2774890065193176,0,0.6374409794807434,-0.04823099821805954,0.7689880132675171,0,-3.4304990768432617,6.394920825958252,2.3557169437408447,1,0.9132289886474609,-0.18832799792289734,0.36131200194358826,0,0.14751699566841125,0.979433000087738,0.1376589983701706,0,-0.3798060119152069,-0.07241500169038773,0.9222279787063599,0,0.05008799955248833,6.103577136993408,0,1,0.969344973564148,0.15318599343299866,-0.1921059936285019,0,-0.14057600498199463,0.9870150089263916,0.07772299647331238,0,0.2015170007944107,-0.048335000872612,0.9782919883728027,0,-0.10409499704837799,5.582764148712158,0,1,0.9999369978904724,0.008729999884963036,-0.006990999914705753,0,-0.009223000146448612,0.9972289800643921,-0.07381899654865265,0,0.006328000221401453,0.07387900352478027,0.9972469806671143,0,-5.124423027038574,21.986095428466797,0.145673006772995,1,0.9989190101623535,-0.04620499908924103,-0.005067999940365553,0,0.04570100083947182,0.9563570022583008,0.2886050045490265,0,-0.008488999679684639,-0.2885249853134155,0.9574350118637085,0,-0.00002099999983329326,3.5268421173095703,0,1,0.9999909996986389,-0.004222000017762184,0.00031900001340545714,0,0.004191000014543533,0.9977359771728516,0.06712000072002411,0,-0.0006019999855197966,-0.06711799651384354,0.9977449774742126,0,0.000547999981790781,3.572993040084839,0,1,0.9976360201835632,-0.06805700063705444,-0.009530000388622284,0,0.06802400201559067,0.9582560062408447,0.2777020037174225,0,-0.009766999632120132,-0.2776939868927002,0.9606199860572815,0,-1.5863289833068848,22.938554763793945,-0.07304000109434128,1,0.9977290034294128,-0.06625500321388245,-0.012120000086724758,0,0.06452400237321854,0.8885970115661621,0.4541279971599579,0,-0.019318999722599983,-0.4538789987564087,0.890854001045227,0,-0.00027200000477023423,4.065708160400391,0,1,0.9993259906768799,-0.03633100166916847,-0.005307000130414963,0,0.036389999091625214,0.9608160257339478,0.2747870087623596,0,-0.004883999936282635,-0.2747949957847595,0.9614899754524231,0,0.0005280000041238964,3.6918890476226807,0,1,0.996874988079071,-0.07700300216674805,-0.017635000869631767,0,0.07368800044059753,0.8259660005569458,0.558883011341095,0,-0.028470000252127647,-0.5584359765052795,0.8290590047836304,0,1.990501046180725,23.168066024780273,-0.4378890097141266,1,0.9992110133171082,-0.03893600031733513,-0.007864000275731087,0,0.03952400013804436,0.954816997051239,0.2945530116558075,0,-0.00395999988541007,-0.2946310043334961,0.9556030035018921,0,0.0013989999424666166,3.1800289154052734,0,1,0.9996920228004456,-0.024149000644683838,-0.005665999837219715,0,0.024803999811410904,0.9757450222969055,0.21750099956989288,0,0.00027600000612437725,-0.21757400035858154,0.9760439991950989,0,-0.00029799999902024865,3.3116979598999023,0,1,0.9829379916191101,-0.17326700687408447,-0.06174299865961075,0,0.1806419938802719,0.8460410237312317,0.501579999923706,0,-0.03466999903321266,-0.5041750073432922,0.8629050254821777,0,4.720250129699707,21.891002655029297,0.167930006980896,1,0.9985460042953491,-0.052935000509023666,-0.010203000158071518,0,0.051229000091552734,0.8728070259094238,0.4853689968585968,0,-0.016788000240921974,-0.48518601059913635,0.8742499947547913,0,-0.0004769999941345304,2.2031569480895996,0,1,0.9996309876441956,-0.027129000052809715,-0.0012440000427886844,0,0.02708899974822998,0.9927970170974731,0.11670699715614319,0,-0.0019310000352561474,-0.1166979968547821,0.9931660294532776,0,-0.0004920000210404396,1.86707603931427,0,1,0.08902599662542343,0.017247000709176064,0.9958800077438354,0,-0.9516580104827881,-0.2936300039291382,0.09015800058841705,0,0.29397499561309814,-0.9557639956474304,-0.009727999567985535,0,-8.001996040344238,18.897123336791992,-0.003046999918296933,1,0.898809015750885,0.19572600722312927,0.3922159969806671,0,-0.43791499733924866,0.4403649866580963,0.7837790250778198,0,-0.019311999902129173,-0.8762249946594238,0.4815160036087036,0,0,16.3656005859375,0,1,0.8439339995384216,-0.5362690091133118,-0.01381400041282177,0,0.5363990068435669,0.8432340025901794,0.03511099889874458,0,-0.007180000189691782,-0.03704100102186203,0.999288022518158,0,0,40.2408561706543,0,1,0.868960976600647,-0.07032600045204163,0.4898580014705658,0,0.024608999490737915,0.9947670102119446,0.09916000068187714,0,-0.4942690134048462,-0.07411199808120728,0.8661440014839172,0,0,34.11394119262695,0,1,0.8746179938316345,-0.3764980137348175,0.3054389953613281,0,0.3074750006198883,0.9178670048713684,0.25095701217651367,0,-0.3748370110988617,-0.12557700276374817,0.9185469746589661,0,3.4725589752197266,6.503436088562012,2.6446518898010254,1,0.9770349860191345,0.16769300401210785,0.1314609944820404,0,-0.14407500624656677,0.974461019039154,-0.17224399745464325,0,-0.1569879949092865,0.14934800565242767,0.9762430191040039,0,0.20625600218772888,6.262588977813721,0,1,0.917415976524353,-0.3576650023460388,-0.1744219958782196,0,0.36130398511886597,0.9323769807815552,-0.011535000056028366,0,0.16675199568271637,-0.05243699997663498,0.9846029877662659,0,0.16963399946689606,5.428116798400879,0,1,0.995934009552002,-0.08812999725341797,-0.018681999295949936,0,0.09006299823522568,0.9789140224456787,0.18334700167179108,0,0.0021299999207258224,-0.1842840015888214,0.9828709959983826,0,5.090911865234375,21.570802688598633,-0.029138000681996346,1,0.99795001745224,0.06286399811506271,0.011957000009715557,0,-0.06153300032019615,0.8914409875869751,0.4489400088787079,0,0.017563000321388245,-0.44875600934028625,0.8934820294380188,0,-0.000028000000384054147,3.7846291065216064,0,1,0.9999150037765503,0.012749999761581421,-0.0025549998972564936,0,-0.011398999951779842,0.9540159702301025,0.2995389997959137,0,0.006256999913603067,-0.2994849979877472,0.9540809988975525,0,0.000039999998989515007,3.663832902908325,0,1,0.9975389838218689,0.06906899809837341,0.012098999693989754,0,-0.06836800277233124,0.9196850061416626,0.38666000962257385,0,0.015579000115394592,-0.38653600215911865,0.9221429824829102,0,1.7376790046691895,22.911474227905273,-0.07990100234746933,1,0.9964550137519836,0.08113700151443481,0.022216999903321266,0,-0.07764799892902374,0.7854700088500977,0.6140090227127075,0,0.03236899897456169,-0.6135579943656921,0.7889860272407532,0,0.00004600000102072954,4.017561912536621,0,1,0.9982060194015503,0.057840000838041306,0.015469999983906746,0,-0.05753599852323532,0.855197012424469,0.5151000022888184,0,0.01656400039792061,-0.5150660276412964,0.8569899797439575,0,-0.00009600000339560211,3.6927289962768555,0,1,0.9966809749603271,0.07806599885225296,0.023065000772476196,0,-0.07427400350570679,0.756184995174408,0.6501290202140808,0,0.03331200033426285,-0.6496850252151489,0.759473979473114,0,-2.0424020290374756,22.845932006835938,-0.27081298828125,1,0.9987810254096985,0.04771500080823898,0.0126740001142025,0,-0.048774998635053635,0.913985013961792,0.40280500054359436,0,0.00763599993661046,-0.40293198823928833,0.915198028087616,0,-0.002403999911621213,3.2847208976745605,0,1,0.9999769926071167,0.006663000211119652,-0.0014039999805390835,0,-0.0057680001482367516,0.9383869767189026,0.34553900361061096,0,0.0036200000904500484,-0.34552299976348877,0.9384030103683472,0,-0.0006019999855197966,3.4200000762939453,0,1,0.9931740164756775,0.1090489998459816,0.041397999972105026,0,-0.10665600001811981,0.7053400278091431,0.7008000016212463,0,0.04722199961543083,-0.7004309892654419,0.7121559977531433,0,-4.786189079284668,21.68233871459961,-0.006763000041246414,1,0.9961400032043457,0.08230999857187271,0.030494999140501022,0,-0.07702100276947021,0.6529790163040161,0.753449022769928,0,0.042103998363018036,-0.7528899908065796,0.6567990183830261,0,-0.0017480000387877226,2.2173030376434326,0,1,0.9985849857330322,0.05312599986791611,-0.0024999999441206455,0,-0.036977000534534454,0.7272779941558838,0.6853470206260681,0,0.038228001445531845,-0.684283971786499,0.7282130122184753,0,-0.0008210000232793391,2.010317087173462,0,1,-0.99857497215271,-0.05178900063037872,0.012869000434875488,0,0.052893999963998795,-0.9286280274391174,0.3672240078449249,0,-0.007067000027745962,0.3673810064792633,0.9300439953804016,0,14.099202156066895,-7.80706787109375,0.2510110139846802,1,0.993025004863739,0.07766500115394592,-0.08870799839496613,0,-0.11151199787855148,0.37432700395584106,-0.920566976070404,0,-0.03829000145196915,0.9240390062332153,0.38037699460983276,0,0,64.926025390625,0,1,0.9994660019874573,-0.03240000084042549,-0.004189999774098396,0,0.027928000316023827,0.7807909846305847,0.6241679787635803,0,-0.016951000317931175,-0.6239519715309143,0.7812790274620056,0,0,64.20130157470703,0,1,0.9996370077133179,-0.0007830000249668956,0.02692900039255619,0,-0.019585000351071358,0.6652299761772156,0.7463819980621338,0,-0.018498999997973442,-0.7466380000114441,0.6649730205535889,0,0,13.496685028076172,0,1,-0.9652860164642334,-0.17455600202083588,-0.19429999589920044,0,0.14810499548912048,-0.9785330295562744,0.143312007188797,0,-0.21514500677585602,0.10955999791622162,0.9704170227050781,0,-14.099202156066895,-7.80706787109375,0.2107049971818924,1,0.9992859959602356,-0.011277999728918076,0.0360650010406971,0,0.02111699990928173,0.9581500291824341,-0.28548699617385864,0,-0.03133599832653999,0.28604501485824585,0.9577040076255798,0,0,64.92598724365234,0,1,0.9950219988822937,-0.03654100000858307,-0.09271600097417831,0,0.09965699911117554,0.36250001192092896,0.926639974117279,0,-0.00025099999038502574,-0.9312670230865479,0.3643369972705841,0,0,64.18057250976562,0,1,0.9998340010643005,-0.015703000128269196,0.009223000146448612,0,0.009716000407934189,0.8883230090141296,0.45911601185798645,0,-0.015402000397443771,-0.458950012922287,0.8883280158042908,0,0,22.28676986694336,0,1
K0.033,0.9878090620040894,-0.0506238155066967,-0.1472066044807434,0,0.05137382820248604,0.998678982257843,0.001299194060266018,0,0.14694657921791077,-0.008846153505146503,0.9891050457954407,0,0.8923873901367188,146.3254852294922,-1.0432456731796265,1,0.9992499947547913,0.038265909999608994,0.005954904481768608,0,-0.03805691376328468,0.9987620115280151,-0.03203707933425903,0,-0.007173904217779636,0.03178708255290985,0.999468982219696,0,0,14.052734375,-0.9930750131607056,1,0.999750018119812,0.0029049678705632687,0.022180790081620216,0,-0.003413962898775935,0.9997310042381287,0.02295597828924656,0,-0.022108791396021843,-0.023025978356599808,0.9994900226593018,0,0,16.43573760986328,0,1,0.999754011631012,-0.0052620419301092625,0.02155679278075695,0,0.006463030353188515,0.9984089732170105,-0.056009016931056976,0,-0.021227791905403137,0.056135013699531555,0.9981970191001892,0,0,18.78371238708496,0,1,0.9996569752693176,-0.013221061788499355,0.022596988826990128,0,0.012774062342941761,0.9997220039367676,0.01980096660554409,0,-0.022851990535855293,-0.019504966214299202,0.9995489716529846,0,0,21.131654739379883,0,1,0.9971330165863037,0.01523201260715723,0.07411704212427139,0,-0.014698020182549953,0.999862015247345,-0.007744906470179558,0,-0.0742250457406044,0.00663390476256609,0.9972190260887146,0,0,8.71087646484375,0.649304986000061,1,0.3289567828178406,0.12564992904663086,-0.9359480738639832,0,0.9287539720535278,-0.22240129113197327,0.29657071828842163,0,-0.17089234292507172,-0.9668249487876892,-0.18985898792743683,0,8.001996040344238,18.918903350830078,-0.3112339973449707,1,0.9749157428741455,-0.20279483497142792,-0.09172836691141129,0,0.16464568674564362,0.3797609508037567,0.9103148579597473,0,-0.14977259933948517,-0.9025828242301941,0.40362417697906494,0,0,16.365602493286133,0,1,0.8425540328025818,0.5384118556976318,0.01470099575817585,0,-0.5385148525238037,0.8415670394897461,0.04202299192547798,0,0.010253995656967163,-0.04332299157977104,0.9990079998970032,0,0,40.218624114990234,0,1,0.8667372465133667,0.19068333506584167,-0.4608764052391052,0,-0.1326259970664978,0.9788787364959717,0.1555812954902649,0,0.480808287858963,-0.07372391223907471,0.8737197518348694,0,0,34.10688018798828,0,1,0.7266120314598083,0.35485169291496277,-0.5883151292800903,0,-0.2794141471385956,0.934907078742981,0.2188073694705963,0,0.6276639103889465,0.005395570769906044,0.7784650325775146,0,-3.4304990768432617,6.394920825958252,2.3557169437408447,1,0.9586791396141052,-0.12096787244081497,0.25748884677886963,0,0.07694792747497559,0.9816157221794128,0.17467071115970612,0,-0.273884117603302,-0.1476406753063202,0.950363039970398,0,0.05008799955248833,6.103577136993408,0,1,0.9255837202072144,0.2922946810722351,-0.24053813517093658,0,-0.2792496681213379,0.9562297463417053,0.08743618428707123,0,0.2555672228336334,-0.013758943416178226,0.9666929244995117,0,-0.10409499704837799,5.582764148712158,0,1,0.9996359944343567,-0.0018070563673973083,-0.026934228837490082,0,0.0013730681966990232,0.9998689889907837,-0.016108689829707146,0,0.026960227638483047,0.0160656850785017,0.9995070099830627,0,-5.124423027038574,21.986095428466797,0.145673006772995,1,0.9989010095596313,-0.046591002494096756,-0.005185001064091921,0,0.046073004603385925,0.9552980065345764,0.2920340299606323,0,-0.008653000928461552,-0.2919510304927826,0.9563940167427063,0,-0.00002099999983329326,3.5268421173095703,0,1,0.9999889731407166,-0.004627002403140068,0.0003039998991880566,0,0.0045940023846924305,0.9974870085716248,0.07069601863622665,0,-0.000630000198725611,-0.07069402188062668,0.9974979758262634,0,0.000547999981790781,3.572993040084839,0,1,0.995993971824646,-0.08798813074827194,-0.01594504714012146,0,0.08866514265537262,0.9485929608345032,0.30382609367370605,0,-0.011607006192207336,-0.3040221035480499,0.952593982219696,0,-1.5863289833068848,22.938554763793945,-0.07304000109434128,1,0.9977319836616516,-0.06621699780225754,-0.012101000174880028,0,0.06448899954557419,0.8887680172920227,0.45379799604415894,0,-0.019293999299407005,-0.45354899764060974,0.8910220265388489,0,-0.00027200000477023423,4.065708160400391,0,1,0.9993270039558411,-0.036299001425504684,-0.005297000054270029,0,0.036357998847961426,0.9608970284461975,0.274507999420166,0,-0.004875000100582838,-0.2745150029659271,0.9615700244903564,0,0.0005280000041238964,3.6918890476226807,0,1,0.9963039755821228,-0.0832260400056839,-0.021255021914839745,0,0.07990003377199173,0.807094931602478,0.5849910378456116,0,-0.03153100982308388,-0.5845270752906799,0.8107609152793884,0,1.990501046180725,23.168066024780273,-0.4378890097141266,1,0.9992240071296692,-0.03862899914383888,-0.007738999556750059,0,0.03920599818229675,0.9556990265846252,0.29172301292419434,0,-0.0038729996886104345,-0.29179999232292175,0.9564710259437561,0,0.0013989999424666166,3.1800289154052734,0,1,0.9997000098228455,-0.023833997547626495,-0.005564999766647816,0,0.024472998455166817,0.9763960242271423,0.2145949900150299,0,0.0003190001880284399,-0.21466699242591858,0.9766870141029358,0,-0.00029799999902024865,3.3116979598999023,0,1,0.9799069762229919,-0.18636903166770935,-0.07105701416730881,0,0.19618703424930573,0.8363810181617737,0.5118370056152344,0,-0.03596000000834465,-0.5154929757118225,0.8561390042304993,0,4.720250129699707,21.891002655029297,0.167930006980896,1,0.9985479712486267,-0.052900999784469604,-0.010187000036239624,0,0.05119699984788895,0.8729680180549622,0.4850830137729645,0,-0.016767999157309532,-0.48489999771118164,0.874409019947052,0,-0.0004769999941345304,2.2031569480895996,0,1,0.9996320009231567,-0.02709300071001053,-0.001238000113517046,0,0.027053000405430794,0.9928359985351562,0.11638201028108597,0,-0.0019240000983700156,-0.11637300997972488,0.9932039976119995,0,-0.0004920000210404396,1.86707603931427,0,1,0.09458816051483154,0.01736398972570896,0.9953650236129761,0,-0.9506100416183472,-0.29533374309539795,0.09548715502023697,0,0.29562273621559143,-0.9552360773086548,-0.01142902858555317,0,-8.001996040344238,18.897123336791992,-0.003046999918296933,1,0.9377073049545288,0.17330166697502136,0.30111709237098694,0,-0.34742507338523865,0.4655890464782715,0.8139553070068359,0,0.0008631712407805026,-0.8678669929504395,0.4967949390411377,0,0,16.3656005859375,0,1,0.835612952709198,-0.5491310358047485,-0.01435900293290615,0,0.5492640733718872,0.8348749279975891,0.03595200553536415,0,-0.0077540031634271145,-0.037929002195596695,0.9992499947547913,0,0,40.2408561706543,0,1,0.8619240522384644,-0.03749576956033707,0.5056489109992981,0,0.0015168172540143132,0.9974480271339417,0.07137885689735413,0,-0.507034957408905,-0.06075597554445267,0.8597810864448547,0,0,34.11394119262695,0,1,0.8748109340667725,-0.37909913063049316,0.3016439974308014,0,0.3128370940685272,0.9174589514732361,0.24576908349990845,0,-0.36991703510284424,-0.12063603848218918,0.9211999773979187,0,3.4725589752197266,6.503436088562012,2.6446518898010254,1,0.9776080250740051,0.17079801857471466,0.12292888760566711,0,-0.14857400953769684,0.9739009737968445,-0.17159004509449005,0,-0.14902789890766144,0.1494840532541275,0.9774690270423889,0,0.20625600218772888,6.262588977813721,0,1,0.9161900281906128,-0.36168602108955383,-0.17256797850131989,0,0.3651120364665985,0.9308779835700989,-0.01259400974959135,0,0.16519498825073242,-0.05146799236536026,0.9849169850349426,0,0.16963399946689606,5.428116798400879,0,1,0.9953669905662537,-0.09404805302619934,-0.019986014813184738,0,0.09612706303596497,0.9777020215988159,0.18670304119586945,0,0.001980999018996954,-0.18775904178619385,0.982213020324707,0,5.090911865234375,21.570802688598633,-0.029138000681996346,1,0.9979490041732788,0.06289000064134598,0.01196999941021204,0,-0.06155800074338913,0.8913210034370422,0.4491739869117737,0,0.01757900044322014,-0.44898998737335205,0.8933640122413635,0,-0.000028000000384054147,3.7846291065216064,0,1,0.9999150037765503,0.012778998352587223,-0.0025520003400743008,0,-0.011426999233663082,0.9539369940757751,0.29978999495506287,0,0.006264999508857727,-0.29973599314689636,0.9540020227432251,0,0.000039999998989515007,3.663832902908325,0,1,0.9982950091362,0.057891879230737686,0.007504948414862156,0,-0.056127868592739105,0.9165399670600891,0.39598408341407776,0,0.016046006232500076,-0.39573007822036743,0.918226957321167,0,1.7376790046691895,22.911474227905273,-0.07990100234746933,1,0.9964529871940613,0.08115799725055695,0.022231999784708023,0,-0.07766599953174591,0.7853230237960815,0.6141960024833679,0,0.032388001680374146,-0.6137440204620361,0.7888399958610535,0,0.00004600000102072954,4.017561912536621,0,1,0.9982050061225891,0.0578560009598732,0.01547900028526783,0,-0.057551998645067215,0.8551080226898193,0.5152450203895569,0,0.01657399907708168,-0.5152109861373901,0.8569030165672302,0,-0.00009600000339560211,3.6927289962768555,0,1,0.9966989755630493,0.07789599895477295,0.022895000874996185,0,-0.07390400022268295,0.7536769509315491,0.6530770659446716,0,0.03361700475215912,-0.6526130437850952,0.7569459676742554,0,-2.0424020290374756,22.845932006835938,-0.27081298828125,1,0.9987760186195374,0.047800999134778976,0.012722000479698181,0,-0.04886600002646446,0.9136000275611877,0.40366700291633606,0,0.007673000451177359,-0.4037950038909912,0.9148169755935669,0,-0.002403999911621213,3.2847208976745605,0,1,0.9999759793281555,0.006764001213014126,-0.0013879997422918677,0,-0.005864001344889402,0.938057005405426,0.34643200039863586,0,0.0036450005136430264,-0.34641599655151367,0.938073992729187,0,-0.0006019999855197966,3.4200000762939453,0,1,0.9933840036392212,0.1075039803981781,0.04038698598742485,0,-0.10453096777200699,0.7008159160614014,0.70564204454422,0,0.04755500331521034,-0.7051950693130493,0.7074169516563416,0,-4.786189079284668,21.68233871459961,-0.006763000041246414,1,0.9961349964141846,0.08235900104045868,0.030542999505996704,0,-0.07706200331449509,0.6525030136108398,0.7538579702377319,0,0.04215800017118454,-0.7532979846000671,0.6563270092010498,0,-0.0017480000387877226,2.2173030376434326,0,1,0.9985809922218323,0.053196001797914505,-0.002472000429406762,0,-0.037021998316049576,0.7268459796905518,0.6858019828796387,0,0.0382779985666275,-0.6847370266914368,0.7277839779853821,0,-0.0008210000232793391,2.010317087173462,0,1,-0.9998909831047058,-0.0070117502473294735,-0.013020145706832409,0,0.00031870155362412333,-0.8904377222061157,0.45510557293891907,0,-0.014784997329115868,0.45505157113075256,0.8903427124023438,0,14.099202156066895,-7.80706787109375,0.2510110139846802,1,0.9919459819793701,0.113021120429039,-0.057183582335710526,0,-0.10520786046981812,0.48376643657684326,-0.86885005235672,0,-0.07053516060113907,0.8678680062294006,0.4917614161968231,0,0,64.926025390625,0,1,0.9977840185165405,-0.06653402745723724,-0.0006749849417246878,0,0.05070500820875168,0.7537479400634766,0.6552040576934814,0,-0.04308503493666649,-0.6537860631942749,0.755450963973999,0,0,64.20130157470703,0,1,0.9996320009231567,-0.00039599669980816543,0.0271300021559,0,-0.019742002710700035,0.6753050684928894,0.7372749447822571,0,-0.018613001331686974,-0.7375389337539673,0.6750480532646179,0,0,13.496685028076172,0,1,-0.9661629796028137,-0.1544647216796875,-0.20656710863113403,0,0.13693679869174957,-0.985848069190979,0.09670161455869675,0,-0.21858103573322296,0.06514265388250351,0.9736419916152954,0,-14.099202156066895,-7.80706787109375,0.2107049971818924,1,0.9992300271987915,-0.018581975251436234,0.034547168761491776,0,0.027560029178857803,0.9592669606208801,-0.28115418553352356,0,-0.027915162965655327,0.2818901836872101,0.9590409398078918,0,0,64.92598724365234,0,1,0.9983130097389221,-0.025849156081676483,-0.05199555307626724,0,0.05769360437989235,0.34031230211257935,0.9385402202606201,0,-0.006565313320606947,-0.9399572610855103,0.34122931957244873,0,0,64.18057250976562,0,1,0.9997569918632507,-0.017939917743206024,0.012783877551555634,0,0.010092983022332191,0.8888499140739441,0.45808708667755127,0,-0.01958085410296917,-0.45784708857536316,0.8888149261474609,0,0,22.28676986694336,0,1
