5.600,30,167,33
B0,mixamorig_Hips,-1,0.8047110438346863,0.13483232259750366,0.5781518220901489,0,-0.32283663749694824,0.9166695475578308,0.23556779325008392,0,-0.4982113540172577,-0.3762122094631195,0.7811843752861023,0,0.30349183082580566,145.3719482421875,-13.60584545135498,1
B1,mixamorig_Spine,0,0.9974981546401978,0.07031779736280441,-0.00730912946164608,0,-0.0701574981212616,0.9973293542861938,0.020297681912779808,0,0.008716939948499203,-0.019733991473913193,0.9997673034667969,0,0,13.631317138671875,-0.9066920280456543,1
B2,mixamorig_Spine1,1,0.9884415864944458,0.15158018469810486,-0.0025095457676798105,0,-0.1488773226737976,0.9736756086349487,0.17260105907917023,0,0.02860642783343792,-0.17023269832134247,0.9849887490272522,0,0,15.938353538513184,0,1
B3,mixamorig_Spine2,2,0.9884415864944458,0.15157929062843323,-0.0025095457676798105,0,-0.14887642860412598,0.9736756086349487,0.17260105907917023,0,0.02860642783343792,-0.17023269832134247,0.9849887490272522,0,0,18.215255737304688,0,1
B4,mixamorig_Neck,3,0.9975457191467285,0.06570228934288025,0.02422170154750347,0,-0.06820858269929886,0.9899587631225586,0.12381231039762497,0,-0.015844393521547318,-0.1251608431339264,0.9920101165771484,0,0,20.492156982421875,0,1
B5,mixamorig_Head,4,0.7990149259567261,-0.2233552485704422,-0.5582905411720276,0,0.03369011729955673,0.943623960018158,-0.32930001616477966,0,0.6003670692443848,0.24430714547634125,0.761493980884552,0,0,11.188323974609375,0.8124110102653503,1
B6,mixamorig_HeadTop_End,5,1,0,0,0,0,1,0,0,0,0,1,0,0,39.53343200683594,2.870616912841797,1
B7,mixamorig_LeftShoulder,3,0.16136053204536438,0.0034326505847275257,-0.9868893623352051,0,0.899471640586853,-0.4119966924190521,0.14563438296318054,0,-0.40609467029571533,-0.9111786484718323,-0.06956811249256134,0,8.006896018981934,18.147985458374023,-0.30256399512290955,1
B8,mixamorig_LeftArm,7,0.806917667388916,0.23074622452259064,0.5435149669647217,0,-0.254960834980011,0.9663200378417969,-0.0317392461001873,0,-0.5326840281486511,-0.11292825639247894,0.8387305736541748,0,0,16.42500877380371,0,1
B9,mixamorig_LeftForeArm,8,0.8703743815422058,0.4919548034667969,0.012426716275513172,0,-0.49206215143203735,0.8696538805961609,0.03606868535280228,0,0.006957025732845068,-0.03750922530889511,0.9992715120315552,0,0,39.748775482177734,0,1
B10,mixamorig_LeftHand,9,0.4639061987400055,0.3279743194580078,-0.8227330446243286,0,-0.8638812303543091,0.372351735830307,-0.3387199938297272,0,0.1952669322490692,0.8682085871696472,0.45607826113700867,0,0,40.615203857421875,0,1
B11,mixamorig_LeftHandIndex1,10,0.9922770261764526,-0.07577700167894363,0.09820500016212463,0,0.07062499970197678,0.995989978313446,0.054919999092817307,0,-0.10197299718856812,-0.04755999892950058,0.9936500191688538,0,0,18.760311126708984,0,1
B12,mixamorig_LeftHandIndex2,11,0.9990509748458862,-0.04309700056910515,-0.006320999935269356,0,0.043428000062704086,0.9742928743362427,0.22106100618839264,0,-0.0033680000342428684,-0.2211260050535202,0.9752389788627625,0,0,2.4333369731903076,0,1
B13,mixamorig_LeftHandIndex3,12,0.9944279789924622,0.10465399920940399,-0.012637895531952381,0,-0.10540799796581268,0.9858570098876953,-0.13028599321842194,0,-0.0011759999906644225,0.13089199364185333,0.9913960099220276,0,-0.10917100310325623,3.5798709392547607,-0.33113399147987366,1
B14,mixamorig_LeftHandIndex4,13,1,0,0,0,0,1,0,0,0,0,1,0,0.20510800182819366,2.720046043395996,0.10660000145435333,1
B15,mixamorig_RightShoulder,3,0.19793939590454102,0.019034385681152344,0.980029284954071,0,-0.7850329875946045,-0.5956348776817322,0.1701243817806244,0,0.586978018283844,-0.8030298948287964,-0.10295739769935608,0,-8.006896018981934,18.128562927246094,-0.010575000196695328,1
B16,mixamorig_RightArm,15,0.775946319103241,-0.12273694574832916,0.6187344193458557,0,0.19334246218204498,0.9799519777297974,-0.048071641474962234,0,-0.6004291772842407,0.15693210065364838,0.784122109413147,0,0,16.425010681152344,0,1
B17,mixamorig_RightForeArm,16,0.6773666739463806,-0.7352792024612427,-0.02321777306497097,0,0.7354711890220642,0.676180899143219,0.04314625263214111,0,-0.016025524586439133,-0.04630235582590103,0.998799204826355,0,0,39.7686882019043,0,1
B18,mixamorig_RightHand,17,0.9057468771934509,0.15512162446975708,-0.3944088816642761,0,-0.26685407757759094,0.9317095875740051,-0.24637845158576965,0,0.3292573392391205,0.3284071087837219,0.8852880597114563,0,0,40.623146057128906,0,1
B19,mixamorig_RightHandIndex1,18,0.9892429709434509,0.08478999882936478,-0.11920389533042908,0,-0.06768299639225006,0.9877110123634338,0.14087800681591034,0,0.12968389689922333,-0.13129399716854095,0.9828241467475891,0,0,18.520959854125977,0,1
B20,mixamorig_RightHandIndex2,19,0.9967849850654602,0.07593599706888199,0.025575999170541763,0,-0.07890789210796356,0.8747789859771729,0.4780550003051758,0,0.013927999883890152,-0.4785360097885132,0.8779579997062683,0,0,2.42889404296875,0,1
B21,mixamorig_RightHandIndex3,20,0.9802910089492798,-0.19545599818229675,0.028737999498844147,0,0.19753499329090118,0.9719250202178955,-0.1278350055217743,0,-0.002945000072941184,0.13099199533462524,0.9913790225982666,0,0.14674200117588043,3.652707099914551,-0.39110100269317627,1
B22,mixamorig_RightHandIndex4,21,1,0,0,0,0,1,0,0,0,0,1,0,-0.46667900681495667,2.9132699966430664,0.07249800115823746,1
B23,mixamorig_LeftUpLeg,0,-0.9051299095153809,0.2631714642047882,0.3338845372200012,0,-0.04501822590827942,-0.8402803540229797,0.540278434753418,0,0.422742635011673,0.4739920496940613,0.7724115252494812,0,14.099204063415527,-7.572951793670654,0.4873479902744293,1
B24,mixamorig_LeftLeg,23,0.9995574355125427,-0.02251105010509491,0.019427981227636337,0,0.02916628122329712,0.8694192171096802,-0.4932115077972412,0,-0.005787989124655724,0.49356043338775635,0.8696916103363037,0,0,67.04618072509766,0,1
B25,mixamorig_LeftFoot,24,0.9997479319572449,0.009681029245257378,-0.02024182677268982,0,0.010075969621539116,0.6123637557029724,0.790511429309845,0,0.020048419013619423,-0.7905163168907166,0.6121116876602173,0,0,64.694091796875,0,1
B26,mixamorig_LeftToeBase,25,0.9167511463165283,0.024980416521430016,-0.3986758887767792,0,0.3101521134376526,0.584452748298645,0.749813973903656,0,0.2517378032207489,-0.8110429644584656,0.5280497670173645,0,0,12.362526893615723,0,1
B27,mixamorig_LeftToe_End,26,1,0,0,0,0,1,0,0,0,0,1,0,0,3.764954090118408,0,1
B28,mixamorig_RightUpLeg,0,-0.9184465408325195,0.31489723920822144,0.23936134576797485,0,-0.047094110399484634,-0.6878982782363892,0.7242767810821533,0,0.39273005723953247,0.6539379358291626,0.6466282606124878,0,-14.099204063415527,-7.572951793670654,0.44704198837280273,1
B29,mixamorig_RightLeg,28,0.9992676973342896,0.0382501594722271,0.0011123496806249022,0,-0.03124639391899109,0.8323877453804016,-0.5533124208450317,0,-0.022089803591370583,0.5528720021247864,0.8329728841781616,0,0,67.04611206054688,0,1
B30,mixamorig_RightFoot,29,0.9748769402503967,0.03267638385295868,0.22033576667308807,0,-0.2184649109840393,0.3332499563694,0.9171788692474365,0,-0.043456509709358215,-0.9422715902328491,0.33201688528060913,0,0,64.71807098388672,0,1
B31,mixamorig_RightToeBase,30,0.9668664336204529,-0.008325185626745224,0.2551448345184326,0,-0.10417547821998596,0.8995932936668396,0.42412233352661133,0,-0.23305776715278625,-0.4366493225097656,0.8689195513725281,0,0,22.355493545532227,0,1
B32,mixamorig_RightToe_End,31,1,0,0,0,0,1,0,0,0,0,1,0,0,10.522708892822266,0,1
@28,0,1,2,3,4,5,7,8,9,10,11,12,13,15,16,17,18,19,20,21,23,24,25,26,28,29,30,31
K0.000,0.9708309769630432,-0.03979500010609627,0.23643800616264343,0,0.03161599859595299,0.9987670183181763,0.03828300163149834,0,-0.23767000436782837,-0.029690999537706375,0.9708920121192932,0,0.2502090036869049,149.72503662109375,-0.7483000159263611,1,0.9999369978904724,0.002964999992400408,-0.010862999595701694,0,-0.003854000009596348,0.9965620040893555,-0.08276300132274628,0,0.010580999776721,0.0828000009059906,0.9965100288391113,0,0,13.631317138671875,-0.9066920280456543,1,0.9997519850730896,0.006523999851197004,-0.02128699980676174,0,-0.007220999803394079,0.9994350075721741,-0.032836999744176865,0,0.021060999482870102,0.032983001321554184,0.9992340207099915,0,0,15.938353538513184,0,1,0.9997519850730896,0.006523999851197004,-0.02128699980676174,0,-0.007220999803394079,0.9994350075721741,-0.032836999744176865,0,0.021060999482870102,0.032983001321554184,0.9992340207099915,0,0,18.215255737304688,0,1,0.9996539950370789,-0.023022999987006187,0.012683000415563583,0,0.02143999934196472,0.9933249950408936,0.11334100365638733,0,-0.01520800031721592,-0.11303000152111053,0.9934750199317932,0,0,20.492156982421875,0,1,0.9913930296897888,0.09669200330972672,-0.08826000243425369,0,-0.08430100232362747,0.9872949719429016,0.13469399511814117,0,0.10016199946403503,-0.1260939985513687,0.9869490265846252,0,0,11.188323974609375,0.8124110102653503,1,0.21607999503612518,-0.01306500006467104,-0.9762880206108093,0,0.7982059717178345,-0.5734850168228149,0.18434099853038788,0,-0.5622950196266174,-0.8191120028495789,-0.11349000036716461,0,8.006896018981934,18.147985458374023,-0.30256399512290955,1,0.8740559816360474,0.2567789852619171,-0.41242098808288574,0,0.1413940042257309,0.6777060031890869,0.7216110229492188,0,0.46479499340057373,-0.6890419721603394,0.5560460090637207,0,0,16.42500877380371,0,1,0.998727023601532,0.05040900036692619,0.0015429999912157655,0,-0.050415001809597015,0.9987210035324097,0.0038320000749081373,0,-0.001348000019788742,-0.0039049999322742224,0.9999909996986389,0,0,39.748775482177734,0,1,0.8272039890289307,0.016820000484585762,0.5616490244865417,0,-0.07457900047302246,0.9939950108528137,0.0800739973783493,0,-0.5569300055503845,-0.1081250011920929,0.8234909772872925,0,0,40.615203857421875,0,1,0.9909729957580566,-0.09448499977588654,0.09510800242424011,0,0.0672449991106987,0.9640489816665649,0.2570750117301941,0,-0.11597900092601776,-0.24835899472236633,0.9617000222206116,0,0,18.760311126708984,0,1,0.9980670213699341,-0.05978899821639061,-0.016979999840259552,0,0.06145000085234642,0.9082440137863159,0.41390401124954224,0,-0.009325000457465649,-0.4141469895839691,0.9101619720458984,0,0,2.4333369731903076,0,1,0.9944279789924622,0.10465399920940399,-0.012637999840080738,0,-0.10540799796581268,0.9858570098876953,-0.13028599321842194,0,-0.0011759999906644225,0.13089199364185333,0.9913960099220276,0,-0.10917100310325623,3.5798709392547607,-0.33113399147987366,1,0.17966899275779724,0.010335000231862068,0.9836729764938354,0,-0.8337039947509766,-0.5291739702224731,0.15783700346946716,0,0.5221660137176514,-0.8484500050544739,-0.08645900338888168,0,-8.006896018981934,18.128562927246094,-0.010575000196695328,1,0.8483870029449463,-0.2770099937915802,0.45111599564552307,0,-0.10255900025367737,0.7500110268592834,0.6534259915351868,0,-0.5193470120429993,-0.6006240248680115,0.6078889966011047,0,0,16.425010681152344,0,1,0.8907480239868164,-0.45438700914382935,-0.01003399956971407,0,0.4544830024242401,0.8903279900550842,0.02757599949836731,0,-0.0035959999077022076,-0.02912300080060959,0.9995689988136292,0,0,39.7686882019043,0,1,0.9954850077629089,-0.002265000017359853,-0.09488700330257416,0,0.00860700011253357,0.997750997543335,0.06647399812936783,0,0.09452400356531143,-0.06699100136756897,0.9932659864425659,0,0,40.623146057128906,0,1,0.9892429709434509,0.08478900045156479,-0.11920300126075745,0,-0.06768199801445007,0.9877110123634338,0.14087800681591034,0,0.1296830028295517,-0.13129399716854095,0.982824981212616,0,0,18.520959854125977,0,1,0.9967849850654602,0.07593599706888199,0.025575999170541763,0,-0.07890799641609192,0.8747789859771729,0.4780550003051758,0,0.013927999883890152,-0.4785360097885132,0.8779579997062683,0,0,2.42889404296875,0,1,0.9802910089492798,-0.19545599818229675,0.028737999498844147,0,0.19753499329090118,0.9719250202178955,-0.1278350055217743,0,-0.002945000072941184,0.13099199533462524,0.9913790225982666,0,0.14674200117588043,3.652707099914551,-0.39110100269317627,1,-0.9873899817466736,-0.03991600126028061,0.15318900346755981,0,0.052611999213695526,-0.9954259991645813,0.0797400027513504,0,0.14930500090122223,0.08679399639368057,0.9849749803543091,0,14.099204063415527,-7.572951793670654,0.4873479902744293,1,0.9997109770774841,-0.023554999381303787,0.0047439998015761375,0,0.023718999698758125,0.9358620047569275,-0.35156700015068054,0,0.003840999910607934,0.3515779972076416,0.9361510276794434,0,0,67.04618072509766,0,1,0.9919649958610535,0.04122500121593475,-0.11960700154304504,0,0.06901399791240692,0.6160330176353455,0.7846909761428833,0,0.10603100061416626,-0.786641001701355,0.6082379817962646,0,0,64.694091796875,0,1,0.9167960286140442,0.02525000087916851,-0.3985559940338135,0,0.3102090060710907,0.5834910273551941,0.7505390048027039,0,0.2515049874782562,-0.811726987361908,0.5271099805831909,0,0,12.362526893615723,0,1,-0.9811919927597046,0.02676600031554699,0.19117100536823273,0,-0.012879000045359135,-0.9972109794616699,0.0735199972987175,0,0.19260500371456146,0.06967499852180481,0.9787999987602234,0,-14.099204063415527,-7.572951793670654,0.44704198837280273,1,0.9998829960823059,0.015274999663233757,0.0005859999801032245,0,-0.015049999579787254,0.990418016910553,-0.13728100061416626,0,-0.0026779999025166035,0.13725599646568298,0.9905319809913635,0,0,67.04611206054688,0,1,0.9971579909324646,0.07533399760723114,0.0011699999449774623,0,-0.03100300021469593,0.3961179852485657,0.9176759719848633,0,0.06866800040006638,-0.9151039719581604,0.3973279893398285,0,0,64.71807098388672,0,1,0.9668300151824951,-0.005816000048071146,0.2553560137748718,0,-0.10382500290870667,0.9044730067253113,0.41370099782943726,0,-0.23336899280548096,-0.42649099230766296,0.8738679885864258,0,0,22.355493545532227,0,1
K0.033,0.9705899953842163,-0.040182001888751984,0.23736001551151276,0,0.03195800259709358,0.9987509846687317,0.03839699923992157,0,-0.2386060208082199,-0.02968299761414528,0.9706630110740662,0,0.275854229927063,149.71693420410156,-0.7738652229309082,1,0.9999359846115112,0.0031080006156116724,-0.010836999863386154,0,-0.003993000369518995,0.9965760111808777,-0.08258499950170517,0,0.01054299995303154,0.08262299746274948,0.99652498960495,0,0,13.631317138671875,-0.9066920280456543,1,0.9997519850730896,0.006761000957340002,-0.021222999319434166,0,-0.00744900107383728,0.9994450211524963,-0.032478995621204376,0,0.020990999415516853,0.032628994435071945,0.9992470145225525,0,0,15.938353538513184,0,1,0.9997519850730896,0.006761000957340002,-0.021222999319434166,0,-0.00744900107383728,0.9994450211524963,-0.032478995621204376,0,0.020990999415516853,0.032628994435071945,0.9992470145225525,0,0,18.215255737304688,0,1,0.9996539950370789,-0.02299099788069725,0.012800001539289951,0,0.021387998014688492,0.9932799935340881,0.11374400556087494,0,-0.015329001471400261,-0.11343100666999817,0.9934279918670654,0,0,20.492156982421875,0,1,0.9914119839668274,0.09719100594520569,-0.08749998360872269,0,-0.08482100814580917,0.987151026725769,0.1354210078716278,0,0.09953699260950089,-0.12683601677417755,0.9869170188903809,0,0,11.188323974609375,0.8124110102653503,1,0.21613599359989166,-0.013101999647915363,-0.9762750267982483,0,0.7979769706726074,-0.5737969875335693,0.18436299264431,0,-0.5626000165939331,-0.8188930153846741,-0.11356300115585327,0,8.006896018981934,18.147985458374023,-0.30256399512290955,1,0.8733959794044495,0.2544490098953247,-0.41525405645370483,0,0.14483104646205902,0.6783760190010071,0.7202990055084229,0,0.4649770259857178,-0.6892470121383667,0.5556390285491943,0,0,16.42500877380371,0,1,0.9983569979667664,0.05728408321738243,0.0015890005743131042,0,-0.057290080934762955,0.9983479976654053,0.004353005904704332,0,-0.0013369998196139932,-0.0044370065443217754,0.9999889731407166,0,0,39.748775482177734,0,1,0.8347309827804565,0.016338998451828957,0.5504159927368164,0,-0.06689594686031342,0.9951649904251099,0.07190893590450287,0,-0.5465800166130066,-0.09684591740369797,0.8317880034446716,0,0,40.615203857421875,0,1,0.9909729957580566,-0.09448499977588654,0.09510800242424011,0,0.0672449991106987,0.9640489816665649,0.2570750117301941,0,-0.11597900092601776,-0.24835899472236633,0.9617000222206116,0,0,18.760311126708984,0,1,0.9980670213699341,-0.05978899821639061,-0.016978999599814415,0,0.06145000085234642,0.9082440137863159,0.41390401124954224,0,-0.009325000457465649,-0.4141469895839691,0.9101619720458984,0,0,2.4333369731903076,0,1,0.9944279789924622,0.10465399920940399,-0.012637999840080738,0,-0.10540799796581268,0.9858570098876953,-0.13028599321842194,0,-0.0011759999906644225,0.13089199364185333,0.9913960099220276,0,-0.10917100310325623,3.5798709392547607,-0.33113399147987366,1,0.17970900237560272,0.010370999574661255,0.9836649894714355,0,-0.8334599733352661,-0.5295550227165222,0.15785099565982819,0,0.5225419998168945,-0.8482120037078857,-0.08652199804782867,0,-8.006896018981934,18.128562927246094,-0.010575000196695328,1,0.8475859761238098,-0.27770599722862244,0.45219099521636963,0,-0.10287400335073471,0.7499780058860779,0.6534140110015869,0,-0.5205910205841064,-0.6003429889678955,0.6071029901504517,0,0,16.425010681152344,0,1,0.8906890153884888,-0.45450299978256226,-0.010041999630630016,0,0.4546000063419342,0.8902689814567566,0.02757900021970272,0,-0.003594999900087714,-0.02912900038063526,0.9995689988136292,0,0,39.7686882019043,0,1,0.9954140186309814,-0.0024469990748912096,-0.09562800824642181,0,0.008571997284889221,0.9979320168495178,0.06369997560977936,0,0.09527400881052017,-0.06422797590494156,0.9933769702911377,0,0,40.623146057128906,0,1,0.9892429709434509,0.08478999882936478,-0.11920300126075745,0,-0.06768299639225006,0.9877110123634338,0.14087800681591034,0,0.1296830028295517,-0.13129399716854095,0.982824981212616,0,0,18.520959854125977,0,1,0.9967849850654602,0.07593599706888199,0.025575999170541763,0,-0.07890799641609192,0.8747779726982117,0.4780550003051758,0,0.013927999883890152,-0.4785360097885132,0.8779579997062683,0,0,2.42889404296875,0,1,0.9802910089492798,-0.19545599818229675,0.028737999498844147,0,0.19753499329090118,0.9719250202178955,-0.1278350055217743,0,-0.002945000072941184,0.13099199533462524,0.9913790225982666,0,0.14674200117588043,3.652707099914551,-0.39110100269317627,1,-0.9871789813041687,-0.040167003870010376,0.15448202192783356,0,0.053056009113788605,-0.9953629970550537,0.08023101836442947,0,0.15054301917552948,0.08739901334047318,0.984732985496521,0,14.099204063415527,-7.572951793670654,0.4873479902744293,1,0.9997100234031677,-0.023598000407218933,0.004778000526130199,0,0.023767001926898956,0.9354640245437622,-0.35262301564216614,0,0.0038520002271980047,0.3526340425014496,0.9357529878616333,0,0,67.04618072509766,0,1,0.9919049739837646,0.041040003299713135,-0.12016601115465164,0,0.06937000900506973,0.6175029873847961,0.7835040092468262,0,0.10635800659656525,-0.7854970097541809,0.6096569895744324,0,0,64.694091796875,0,1,0.9167960286140442,0.02525000087916851,-0.3985559940338135,0,0.3102090060710907,0.5834910273551941,0.7505390048027039,0,0.2515049874782562,-0.811726987361908,0.5271090269088745,0,0,12.362526893615723,0,1,-0.9809439778327942,0.026593999937176704,0.1924629956483841,0,-0.012501995079219341,-0.9971749782562256,0.07406602054834366,0,0.19388900697231293,0.07024902105331421,0.97850501537323,0,-14.099204063415527,-7.572951793670654,0.44704198837280273,1,0.9998829960823059,0.015280001796782017,0.0005819994839839637,0,-0.015055001713335514,0.9903669953346252,-0.13764804601669312,0,-0.0026800003834068775,0.13762304186820984,0.9904810190200806,0,0,67.04611206054688,0,1,0.997156023979187,0.07535900175571442,0.0008100065751932561,0,-0.030682004988193512,0.39612796902656555,0.9176830053329468,0,0.06883499771356583,-0.9150980114936829,0.3973129689693451,0,0,64.71807098388672,0,1,0.9668670296669006,-0.0057330005802214146,0.2552169859409332,0,-0.10383500158786774,0.9044790267944336,0.41368699073791504,0,-0.2332099974155426,-0.4264810085296631,0.8739150166511536,0,0,22.355493545532227,0,1
K0.067,0.9703480005264282,-0.04045799747109413,0.23830097913742065,0,0.032212994992733,0.9987429976463318,0.038394998759031296,0,-0.2395549863576889,-0.029580002650618553,0.9704319834709167,0,0.2999707758426666,149.6930694580078,-0.8002257347106934,1,0.9999359846115112,0.003169999225065112,-0.01083999965339899,0,-0.0040529994294047356,0.9965890049934387,-0.08242399990558624,0,0.010541999712586403,0.08246300369501114,0.996537983417511,0,0,13.631317138671875,-0.9066920280456543,1,0.9997509717941284,0.006861999165266752,-0.02122199907898903,0,-0.0075419992208480835,0.9994540214538574,-0.032155003398656845,0,0.020989999175071716,0.03230700269341469,0.9992579817771912,0,0,15.938353538513184,0,1,0.9997509717941284,0.006861999165266752,-0.02122199907898903,0,-0.0075419992208480835,0.9994540214538574,-0.032155003398656845,0,0.020989999175071716,0.03230700269341469,0.9992579817771912,0,0,18.215255737304688,0,1,0.9996539950370789,-0.022885002195835114,0.012996997684240341,0,0.02125300094485283,0.993228018283844,0.11422299593687057,0,-0.015522997826337814,-0.11390699446201324,0.993369996547699,0,0,20.492156982421875,0,1,0.9914119839668274,0.09824999421834946,-0.08630501478910446,0,-0.0858989953994751,0.9868789911270142,0.13671398162841797,0,0.09860500693321228,-0.12812598049640656,0.986844003200531,0,0,11.188323974609375,0.8124110102653503,1,0.21615000069141388,-0.013105000369250774,-0.9762719869613647,0,0.7979840040206909,-0.5737820267677307,0.1843789964914322,0,-0.5625830292701721,-0.8189039826393127,-0.11356599628925323,0,8.006896018981934,18.147985458374023,-0.30256399512290955,1,0.8708360195159912,0.2539980113506317,-0.4208669364452362,0,0.14917194843292236,0.6792460083961487,0.7185909748077393,0,0.4683929681777954,-0.6885570287704468,0.5536220073699951,0,0,16.42500877380371,0,1,0.9978479743003845,0.06554191559553146,0.0016489994013682008,0,-0.06554991751909256,0.9978370070457458,0.004978993907570839,0,-0.0013190002646297216,-0.005076993256807327,0.9999859929084778,0,0,39.748775482177734,0,1,0.8361750245094299,0.016142001375555992,0.5482249855995178,0,-0.06197104975581169,0.9959459900856018,0.06519506871700287,0,-0.5449510216712952,-0.08848807960748672,0.8337860107421875,0,0,40.615203857421875,0,1,0.9909729957580566,-0.09448499977588654,0.0951090008020401,0,0.0672449991106987,0.9640489816665649,0.2570750117301941,0,-0.11597900092601776,-0.24835799634456635,0.9617000222206116,0,0,18.760311126708984,0,1,0.9980670213699341,-0.05978899821639061,-0.016979999840259552,0,0.06145000085234642,0.9082440137863159,0.41390401124954224,0,-0.009325000457465649,-0.4141469895839691,0.9101619720458984,0,0,2.4333369731903076,0,1,0.9944279789924622,0.10465399920940399,-0.012637999840080738,0,-0.10540799796581268,0.9858570098876953,-0.13028599321842194,0,-0.0011759999906644225,0.13089199364185333,0.9913960099220276,0,-0.10917100310325623,3.5798709392547607,-0.33113399147987366,1,0.17967599630355835,0.010413000360131264,0.9836710095405579,0,-0.8330749869346619,-0.5301799774169922,0.15778100490570068,0,0.5231660008430481,-0.8478209972381592,-0.08658599853515625,0,-8.006896018981934,18.128562927246094,-0.010575000196695328,1,0.8468970060348511,-0.27814099192619324,0.45321398973464966,0,-0.10318899899721146,0.7501329779624939,0.653186023235321,0,-0.5216490030288696,-0.599947988986969,0.6065840125083923,0,0,16.425010681152344,0,1,0.8906239867210388,-0.45462900400161743,-0.010049999691545963,0,0.4547260105609894,0.8902040123939514,0.02758299931883812,0,-0.003593999892473221,-0.02913600020110607,0.9995689988136292,0,0,39.7686882019043,0,1,0.9953280091285706,-0.0023540009278804064,-0.09652499109506607,0,0.008299002423882484,0.9980890154838562,0.06123202666640282,0,0.0961959958076477,-0.061747025698423386,0.9934449791908264,0,0,40.623146057128906,0,1,0.9892429709434509,0.08478999882936478,-0.11920300126075745,0,-0.06768299639225006,0.9877110123634338,0.14087800681591034,0,0.1296830028295517,-0.13129399716854095,0.9828240275382996,0,0,18.520959854125977,0,1,0.9967849850654602,0.07593599706888199,0.025575999170541763,0,-0.07890799641609192,0.8747789859771729,0.4780539870262146,0,0.013927999883890152,-0.478534996509552,0.8779579997062683,0,0,2.42889404296875,0,1,0.9802910089492798,-0.19545599818229675,0.028737999498844147,0,0.19753499329090118,0.9719250202178955,-0.1278350055217743,0,-0.002945000072941184,0.13099199533462524,0.9913790225982666,0,0.14674200117588043,3.652707099914551,-0.39110100269317627,1,-0.986844003200531,-0.040435995906591415,0.15653398633003235,0,0.05368799343705177,-0.9952359795570374,0.08137798309326172,0,0.15249799191951752,0.08871198445558548,0.9843140244483948,0,14.099204063415527,-7.572951793670654,0.4873479902744293,1,0.9997079968452454,-0.0236859992146492,0.0048399996012449265,0,0.023860998451709747,0.9345800280570984,-0.35495296120643616,0,0.0038839997723698616,0.3549649715423584,0.9348719716072083,0,0,67.04618072509766,0,1,0.9917740225791931,0.04152899608016014,-0.12107299268245697,0,0.06990799307823181,0.6166110038757324,0.7841579914093018,0,0.10722099244594574,-0.7861719727516174,0.6086360216140747,0,0,64.694091796875,0,1,0.9167960286140442,0.025250999256968498,-0.3985559940338135,0,0.3102099895477295,0.5834869742393494,0.7505419850349426,0,0.25150400400161743,-0.8117300271987915,0.527105987071991,0,0,12.362526893615723,0,1,-0.9808509945869446,0.026607999578118324,0.19293400645256042,0,-0.012003004550933838,-0.9969990253448486,0.07647797465324402,0,0.1943890005350113,0.0726969763636589,0.9782270193099976,0,-14.099204063415527,-7.572951793670654,0.44704198837280273,1,0.9998810291290283,0.015443998388946056,0.000529000535607338,0,-0.015212997794151306,0.9897519946098328,-0.1419849544763565,0,-0.002716999500989914,0.14195995032787323,0.9898689985275269,0,0,67.04611206054688,0,1,0.9971449971199036,0.0754999965429306,0.001468993490561843,0,-0.031214995309710503,0.39440402388572693,0.9184070229530334,0,0.06876099854707718,-0.9158310294151306,0.3956340253353119,0,0,64.71807098388672,0,1,0.966850996017456,-0.005768999457359314,0.25527799129486084,0,-0.10383100062608719,0.90447598695755,0.41369301080703735,0,-0.2332790046930313,-0.42648500204086304,0.8738939762115479,0,0,22.355493545532227,0,1
K0.100,0.9700949788093567,-0.04077799990773201,0.23927399516105652,0,0.03252499923110008,0.9987350106239319,0.03834199905395508,0,-0.24053500592708588,-0.029412999749183655,0.9701949954032898,0,0.3169719874858856,149.67034912109375,-0.8263459801673889,1,0.9999359846115112,0.003215000033378601,-0.010847000405192375,0,-0.004097000230103731,0.9965980052947998,-0.0823189988732338,0,0.010545999743044376,0.08235800266265869,0.9965469837188721,0,0,13.631317138671875,-0.9066920280456543,1,0.9997509717941284,0.006928000133484602,-0.021232999861240387,0,-0.00760400015860796,0.9994609951972961,-0.031943000853061676,0,0.020999999716877937,0.03209700062870979,0.9992640018463135,0,0,15.938353538513184,0,1,0.9997509717941284,0.006928000133484602,-0.02123199962079525,0,-0.00760400015860796,0.9994609951972961,-0.031943000853061676,0,0.020999999716877937,0.03209700062870979,0.9992640018463135,0,0,18.215255737304688,0,1,0.9996520280838013,-0.02283399924635887,0.013207999989390373,0,0.02116999961435795,0.993170976638794,0.11473000049591064,0,-0.015737999230623245,-0.11441099643707275,0.9933090209960938,0,0,20.492156982421875,0,1,0.9914000034332275,0.09963899850845337,-0.08484599739313126,0,-0.087288998067379,0.9865009784698486,0.13854999840259552,0,0.09750600159168243,-0.12995199859142303,0.9867140054702759,0,0,11.188323974609375,0.8124110102653503,1,0.21622900664806366,-0.013119000010192394,-0.9762539863586426,0,0.7979710102081299,-0.5737770199775696,0.18445199728012085,0,-0.5625720024108887,-0.8189060091972351,-0.11359900236129761,0,8.006896018981934,18.147985458374023,-0.30256399512290955,1,0.8686130046844482,0.2538119852542877,-0.4255479872226715,0,0.15270300209522247,0.6799139976501465,0.7172160148620605,0,0.4713740050792694,-0.6879649758338928,0.5518249869346619,0,0,16.42500877380371,0,1,0.9974409937858582,0.07147599756717682,0.001693999976851046,0,-0.07148399949073792,0.9974269866943359,0.005427999887615442,0,-0.0013020000187680125,-0.005535999778658152,0.9999840259552002,0,0,39.748775482177734,0,1,0.8363400101661682,0.017666000872850418,0.5479270219802856,0,-0.06142599880695343,0.9962059855461121,0.06164000183343887,0,-0.5447589755058289,-0.08520899713039398,0.8342519998550415,0,0,40.615203857421875,0,1,0.9909729957580566,-0.09448499977588654,0.09510800242424011,0,0.0672449991106987,0.9640489816665649,0.2570750117301941,0,-0.11597800254821777,-0.24835899472236633,0.9617000222206116,0,0,18.760311126708984,0,1,0.9980670213699341,-0.05978899821639061,-0.016978999599814415,0,0.06145000085234642,0.9082440137863159,0.41390401124954224,0,-0.009325000457465649,-0.4141469895839691,0.9101619720458984,0,0,2.4333369731903076,0,1,0.9944279789924622,0.10465399920940399,-0.012637999840080738,0,-0.10540799796581268,0.9858570098876953,-0.13028599321842194,0,-0.0011759999906644225,0.13089199364185333,0.9913960099220276,0,-0.10917100310325623,3.5798709392547607,-0.33113399147987366,1,0.17957499623298645,0.010439000092446804,0.98368901014328,0,-0.8327339887619019,-0.530754029750824,0.15764999389648438,0,0.5237429738044739,-0.8474609851837158,-0.08661799877882004,0,-8.006896018981934,18.128562927246094,-0.010575000196695328,1,0.8465970158576965,-0.2781060039997101,0.45379599928855896,0,-0.10351300239562988,0.750307023525238,0.6529350280761719,0,-0.5220710039138794,-0.5997470021247864,0.6064199805259705,0,0,16.425010681152344,0,1,0.8905869722366333,-0.4547010064125061,-0.010053999722003937,0,0.45479801297187805,0.8901669979095459,0.027584999799728394,0,-0.0035929998848587275,-0.029139000922441483,0.9995689988136292,0,0,39.7686882019043,0,1,0.9952459931373596,-0.0022330000065267086,-0.09736300259828568,0,0.008085000328719616,0.9981799721717834,0.05975399911403656,0,0.09705200046300888,-0.06025699898600578,0.9934539794921875,0,0,40.623146057128906,0,1,0.9892429709434509,0.08478999882936478,-0.11920300126075745,0,-0.06768299639225006,0.9877110123634338,0.14087800681591034,0,0.12968400120735168,-0.13129399716854095,0.9828240275382996,0,0,18.520959854125977,0,1,0.9967849850654602,0.07593599706888199,0.025575999170541763,0,-0.07890799641609192,0.8747789859771729,0.4780539870262146,0,0.013927999883890152,-0.478534996509552,0.8779579997062683,0,0,2.42889404296875,0,1,0.9802910089492798,-0.19545599818229675,0.028737999498844147,0,0.19753600656986237,0.9719250202178955,-0.1278350055217743,0,-0.002945000072941184,0.13099199533462524,0.9913790225982666,0,0.14674200117588043,3.652707099914551,-0.39110100269317627,1,-0.9864869713783264,-0.04081999883055687,0.15867400169372559,0,0.054430000483989716,-0.9951120018959045,0.08239699900150299,0,0.15453499555587769,0.08991999924182892,0.9838870167732239,0,14.099204063415527,-7.572951793670654,0.4873479902744293,1,0.9997050166130066,-0.023771999403834343,0.004896999802440405,0,0.023953000083565712,0.9337180256843567,-0.3572080135345459,0,0.003918999806046486,0.35721999406814575,0.9340119957923889,0,0,67.04618072509766,0,1,0.9916359782218933,0.041972000151872635,-0.12205199897289276,0,0.07053100317716599,0.6157379746437073,0.7847880125045776,0,0.10809200257062912,-0.7868319749832153,0.6076279878616333,0,0,64.694091796875,0,1,0.9167969822883606,0.025252999737858772,-0.3985550105571747,0,0.3102099895477295,0.583482027053833,0.7505459785461426,0,0.25150299072265625,-0.8117340207099915,0.5271000266075134,0,0,12.362526893615723,0,1,-0.9809209704399109,0.026496000587940216,0.1925940066576004,0,-0.011491999961435795,-0.9968400001525879,0.0786060020327568,0,0.19406799972057343,0.07489299774169922,0.9781249761581421,0,-14.099204063415527,-7.572951793670654,0.44704198837280273,1,0.9998779892921448,0.015588999725878239,0.0004769999941345304,0,-0.015352999791502953,0.9891809821128845,-0.14589400589466095,0,-0.0027459999546408653,0.14586900174617767,0.989300012588501,0,0,67.04611206054688,0,1,0.9971420168876648,0.07548999786376953,0.002971000038087368,0,-0.03248000144958496,0.39286500215530396,0.9190220236778259,0,0.06820999830961227,-0.9164919853210449,0.39419400691986084,0,0,64.71807098388672,0,1,0.966841995716095,-0.005787999834865332,0.2553099989891052,0,-0.10382899641990662,0.9044740200042725,0.4136979877948761,0,-0.23331500589847565,-0.426488995552063,0.8738830089569092,0,0,22.355493545532227,0,1
K0.133,0.9698269963264465,-0.04125600680708885,0.2402760088443756,0,0.033010005950927734,0.9987229704856873,0.03824499994516373,0,-0.24154801666736603,-0.029159996658563614,0.9699509739875793,0,0.32518503069877625,149.6626739501953,-0.852551281452179,1,0.9999359846115112,0.0032990011386573315,-0.01083699893206358,0,-0.004180001560598612,0.9966030120849609,-0.0822490006685257,0,0.010528999380767345,0.08228900283575058,0.9965530037879944,0,0,13.631317138671875,-0.9066920280456543,1,0.999750018119812,0.007063001859933138,-0.021205998957157135,0,-0.007735001854598522,0.9994639754295349,-0.03180399909615517,0,0.020969998091459274,0.03195999935269356,0.9992690086364746,0,0,15.938353538513184,0,1,0.999750018119812,0.007063001859933138,-0.021205998957157135,0,-0.007735001854598522,0.9994639754295349,-0.03180399909615517,0,0.020969998091459274,0.03195999935269356,0.9992690086364746,0,0,18.215255737304688,0,1,0.9996489882469177,-0.0228240005671978,0.013459003530442715,0,0.021122997626662254,0.9931079745292664,0.11528100818395615,0,-0.015998004004359245,-0.11495600640773773,0.9932420253753662,0,0,20.492156982421875,0,1,0.9914270043373108,0.10077900439500809,-0.08316897600889206,0,-0.0884610041975975,0.986132025718689,0.14042101800441742,0,0.09616698324680328,-0.13186001777648926,0.9865919947624207,0,0,11.188323974609375,0.8124110102653503,1,0.21636900305747986,-0.013159999623894691,-0.9762229919433594,0,0.7978339791297913,-0.573930025100708,0.18456800282001495,0,-0.5627130270004272,-0.8187980055809021,-0.11368200182914734,0,8.006896018981934,18.147985458374023,-0.30256399512290955,1,0.8669120073318481,0.2539080083370209,-0.42894601821899414,0,0.15521802008152008,0.6802459955215454,0.7163609862327576,0,0.4736790359020233,-0.6876019835472107,0.5503020286560059,0,0,16.42500877380371,0,1,0.9972090125083923,0.0746380165219307,0.0017170001519843936,0,-0.07464701682329178,0.9971939921379089,0.005668001249432564,0,-0.0012889999197795987,-0.005780001170933247,0.9999819993972778,0,0,39.748775482177734,0,1,0.8338379263877869,0.02005302719771862,0.5516451001167297,0,-0.06246300786733627,0.9963489770889282,0.05819694325327873,0,-0.5484641194343567,-0.08298396319150925,0.8320459127426147,0,0,40.615203857421875,0,1,0.9909729957580566,-0.09448499977588654,0.09510800242424011,0,0.0672449991106987,0.9640489816665649,0.2570750117301941,0,-0.11597800254821777,-0.24835799634456635,0.9617000222206116,0,0,18.760311126708984,0,1,0.9980670213699341,-0.05978899821639061,-0.016978999599814415,0,0.06145000085234642,0.9082440137863159,0.41390401124954224,0,-0.009325999766588211,-0.4141469895839691,0.9101619720458984,0,0,2.4333369731903076,0,1,0.9944279789924622,0.10465399920940399,-0.012637999840080738,0,-0.10540799796581268,0.9858570098876953,-0.13028599321842194,0,-0.0011759999906644225,0.13089199364185333,0.9913960099220276,0,-0.10917100310325623,3.5798709392547607,-0.33113399147987366,1,0.17943799495697021,0.010440000332891941,0.9837139844894409,0,-0.8325790166854858,-0.5310410261154175,0.15750600397586823,0,0.5240370035171509,-0.8472819924354553,-0.0865970030426979,0,-8.006896018981934,18.128562927246094,-0.010575000196695328,1,0.8465520143508911,-0.2778739929199219,0.45402199029922485,0,-0.10385999828577042,0.7503179907798767,0.6528679728507996,0,-0.5220760107040405,-0.5998409986495972,0.6063230037689209,0,0,16.425010681152344,0,1,0.8905609846115112,-0.45475301146507263,-0.010057000443339348,0,0.4548499882221222,0.8901410102844238,0.02758600004017353,0,-0.0035929998848587275,-0.029141999781131744,0.9995689988136292,0,0,39.7686882019043,0,1,0.9951689839363098,-0.0025210073217749596,-0.09814400970935822,0,0.008344006724655628,0.9982249736785889,0.05896899104118347,0,0.09782100468873978,-0.059502992779016495,0.9934239983558655,0,0,40.623146057128906,0,1,0.9892429709434509,0.08478999882936478,-0.11920300126075745,0,-0.06768299639225006,0.9877110123634338,0.14087800681591034,0,0.1296830028295517,-0.13129399716854095,0.982824981212616,0,0,18.520959854125977,0,1,0.9967849850654602,0.07593599706888199,0.025575999170541763,0,-0.07890699803829193,0.8747779726982117,0.4780550003051758,0,0.013927999883890152,-0.4785360097885132,0.8779579997062683,0,0,2.42889404296875,0,1,0.9802910089492798,-0.19545599818229675,0.028737999498844147,0,0.19753499329090118,0.9719250202178955,-0.1278350055217743,0,-0.002945000072941184,0.13099199533462524,0.9913790225982666,0,0.14674200117588043,3.652707099914551,-0.39110100269317627,1,-0.9861649870872498,-0.041401006281375885,0.16051602363586426,0,0.05525100976228714,-0.9950330257415771,0.08280400186777115,0,0.15629002451896667,0.0905270054936409,0.9835540056228638,0,14.099204063415527,-7.572951793670654,0.4873479902744293,1,0.9997040033340454,-0.0238220002502203,0.004925000015646219,0,0.024004999548196793,0.9332429766654968,-0.3584420084953308,0,0.003942999988794327,0.35845500230789185,0.9335389733314514,0,0,67.04618072509766,0,1,0.9915329813957214,0.04221000522375107,-0.12280301749706268,0,0.0710420161485672,0.6152880191802979,0.7850949764251709,0,0.10869801789522171,-0.7871720194816589,0.607079029083252,0,0,64.694091796875,0,1,0.9167969822883606,0.025255000218749046,-0.3985539972782135,0,0.3102099895477295,0.5834749937057495,0.7505509853363037,0,0.2515009939670563,-0.8117380142211914,0.5270940065383911,0,0,12.362526893615723,0,1,-0.9810450077056885,0.026042992249131203,0.19202297925949097,0,-0.01104099489748478,-0.9968299865722656,0.07878798991441727,0,0.1934659779071808,0.0751739889383316,0.9782230257987976,0,-14.099204063415527,-7.572951793670654,0.44704198837280273,1,0.9998779892921448,0.015585999004542828,0.0004640000406652689,0,-0.015350999310612679,0.9891589879989624,-0.14604398608207703,0,-0.0027349998708814383,0.14601898193359375,0.9892780184745789,0,0,67.04611206054688,0,1,0.9971539974212646,0.07525399327278137,0.004592017736285925,0,-0.033891014754772186,0.39300400018692017,0.9189119935035706,0,0.06734699010848999,-0.9164519906044006,0.3944360017776489,0,0,64.71807098388672,0,1,0.9668750166893005,-0.005714998580515385,0.25518599152565,0,-0.1038379967212677,0.9044790267944336,0.41368499398231506,0,-0.23317499458789825,-0.4264799952507019,0.873924970626831,0,0,22.355493545532227,0,1
