8.333,30,249,65
B0,mixamorig_Hips,-1,0.9940420389175415,-0.05104690045118332,0.09630267322063446,0,0.057353951036930084,0.9963073134422302,-0.06389279663562775,0,-0.09268545359373093,0.06903507560491562,0.9932993650436401,0,0.11073266714811325,147.2813720703125,-0.1413765251636505,1
B1,mixamorig_Spine,0,0.9984210133552551,0.049273476004600525,-0.02697714976966381,0,-0.04936821758747101,0.9987765550613403,-0.0028762961737811565,0,0.026802347972989082,0.004204066004604101,0.9996315240859985,0,0,14.052734375,-0.9930750131607056,1
B2,mixamorig_Spine1,1,0.9995675086975098,0.029054060578346252,-0.0045502097345888615,0,-0.028942739591002464,0.9993183612823486,0.02290285751223564,0,0.005212679505348206,-0.02276136912405491,0.9997270107269287,0,0,16.43573760986328,0,1
B3,mixamorig_Spine2,2,0.9995635151863098,0.02912440150976181,-0.004949209745973349,0,-0.029005909338593483,0.9993263483047485,0.022463858127593994,0,0.005599679425358772,-0.022310368716716766,0.9997349977493286,0,0,18.78371238708496,0,1
B4,mixamorig_Neck,3,0.9999461770057678,0.009300239384174347,0.004564659204334021,0,-0.00994017906486988,0.9854398369789124,0.1697337031364441,0,-0.002919359365478158,-0.16976970434188843,0.9854798316955566,0,0,21.131654739379883,-9.999999974752427e-7,1
B5,mixamorig_Head,4,0.999813437461853,-0.001978962915018201,-0.019226303324103355,0,-0.0008446273277513683,0.9893219470977783,-0.1457441747188568,0,0.019309934228658676,0.1457323282957077,0.9891356229782104,0,0,8.71087646484375,0.649304986000061,1
B6,mixamorig_HeadTop_End,5,1,0,0,0,0,1,0,0,0,0,1,0,0,41.812957763671875,3.1167209148406982,1
B7,mixamorig_LeftShoulder,3,0.257298082113266,0.021606221795082092,-0.9660903215408325,0,0.8791916370391846,-0.4201253354549408,0.22475875914096832,0,-0.4010220468044281,-0.9072088599205017,-0.1270936280488968,0,8.001996040344238,18.918903350830078,-0.3112339973449707,1
B8,mixamorig_LeftArm,7,0.9463648200035095,0.2807225286960602,-0.15996292233467102,0,-0.0008988692425191402,0.4973735809326172,0.8675357103347778,0,0.3230980932712555,-0.8208616971969604,0.4709495007991791,0,0,16.365602493286133,0,1
B9,mixamorig_LeftForeArm,8,0.9996342062950134,0.026937201619148254,0.0024429999757558107,0,-0.02694220095872879,0.9996351599693298,0.002101489808410406,0,-0.002386000007390976,-0.002166489837691188,0.9999949932098389,0,0,40.218624114990234,0,1
B10,mixamorig_LeftHand,9,0.870985209941864,-0.039610184729099274,0.48970937728881836,0,-0.019513335078954697,0.9931689500808716,0.11503838002681732,0,-0.4909210503101349,-0.10975289344787598,0.8642629981040955,0,0,34.10688018798828,0,1
B11,mixamorig_LeftHandThumb1,10,0.8562309741973877,0.5165879726409912,0.0022440000902861357,0,-0.47890982031822205,0.792136013507843,0.37837401032447815,0,0.19368599355220795,-0.3250499963760376,0.9256500005722046,0,-3.4304990768432617,6.394920825958252,2.3557169437408447,1
B12,mixamorig_LeftHandThumb2,11,0.831650972366333,-0.5439090132713318,-0.11188899725675583,0,0.5127050280570984,0.8295029997825623,-0.22148916125297546,0,0.2132820039987564,0.12683600187301636,0.9687228202819824,0,0.05008799955248833,6.103577136993408,0,1
B13,mixamorig_LeftHandThumb3,12,0.9881229996681213,0.046473171561956406,0.14647099375724792,0,-0.009158000349998474,0.9692869782447815,-0.24576200544834137,0,-0.1533930003643036,0.24150100350379944,0.9581999778747559,0,-0.10409499704837799,5.582764148712158,0,1
B14,mixamorig_LeftHandThumb4,13,1,0,0,0,0,1,0,0,0,0,1,0,0.05400799959897995,4.648556232452393,0,1
B15,mixamorig_LeftHandIndex1,10,0.9964349865913391,0.08433700352907181,-0.002076999982818961,0,-0.08336299657821655,0.9881070256233215,0.12921099364757538,0,0.012949000112712383,-0.1285778284072876,0.9916149973869324,0,-5.124423027038574,21.986095428466797,0.145673006772995,1
B16,mixamorig_LeftHandIndex2,15,0.9994120001792908,-0.03389099985361099,-0.0051460000686347485,0,0.033883001655340195,0.9539250135421753,0.2981260120868683,0,-0.00519500020891428,-0.29812517762184143,0.9545130133628845,0,-0.00002099999983329326,3.5268421173095703,0,1
B17,mixamorig_LeftHandIndex3,16,0.9998670220375061,-0.016270000487565994,-0.0011419999646022916,0,0.016270000487565994,0.9900681972503662,0.13964100182056427,0,-0.0011409999569877982,-0.13964100182056427,0.9902011752128601,0,0.000547999981790781,3.572993040084839,0,1
B18,mixamorig_LeftHandIndex4,17,1,0,0,0,0,1,0,0,0,0,1,0,-0.000526999996509403,2.572927951812744,0,1
B19,mixamorig_LeftHandMiddle1,10,0.9998239874839783,0.018650999292731285,0.0019359999569132924,0,-0.018489999696612358,0.9635339975357056,0.26694801449775696,0,0.0031138299964368343,-0.2669369876384735,0.9637089967727661,0,-1.5863289833068848,22.938554763793945,-0.07304000109434128,1
B20,mixamorig_LeftHandMiddle2,19,0.9993860125541687,-0.034641001373529434,-0.005280000157654285,0,0.034637000411748886,0.9537709951400757,0.29853299260139465,0,-0.005305000115185976,-0.29853299260139465,0.954384982585907,0,-0.00027200000477023423,4.065708160400391,0,1
B21,mixamorig_LeftHandMiddle3,20,0.9992960095405579,-0.03702683001756668,-0.005987999960780144,0,0.037025999277830124,0.9482970237731934,0.315216988325119,0,-0.005993000231683254,-0.315216988325119,0.9490010142326355,0,0.0005280000041238964,3.6918890476226807,0,1
B22,mixamorig_LeftHandMiddle4,21,1,0,0,0,0,1,0,0,0,0,1,0,-0.0002570000069681555,2.829813003540039,0,1
B23,mixamorig_LeftHandRing1,10,0.9999899864196777,0.0016220000106841326,-0.004050999879837036,0,-0.00007100000220816582,0.9342470169067383,0.3566260039806366,0,0.004362999927252531,-0.35662218928337097,0.9342380166053772,0,1.990501046180725,23.168066024780273,-0.4378890097141266,1
B24,mixamorig_LeftHandRing2,23,0.9991179704666138,-0.04130600020289421,-0.00750300008803606,0,0.0412679985165596,0.9334840178489685,0.35623699426651,0,-0.007710999809205532,-0.3562319874763489,0.93436598777771,0,0.0013989999424666166,3.1800289154052734,0,1
B25,mixamorig_LeftHandRing3,24,0.9993550181388855,-0.035457998514175415,-0.00571900000795722,0,0.0355059988796711,0.9512959718704224,0.3062269985675812,0,-0.005417000036686659,-0.3062320053577423,0.9519410133361816,0,-0.00029799999902024865,3.3116979598999023,0,1
B26,mixamorig_LeftHandRing4,25,1,0,0,0,0,1,0,0,0,0,1,0,-0.0010999999940395355,2.0557870864868164,0,1
B27,mixamorig_LeftHandPinky1,10,0.9992679953575134,-0.03396400064229965,-0.017619000747799873,0,0.03826000168919563,0.8919849991798401,0.45044299960136414,0,0.00041700000292621553,-0.4507870078086853,0.8926309943199158,0,4.720250129699707,21.891002655029297,0.167930006980896,1
B28,mixamorig_LeftHandPinky2,27,0.9993919730186462,-0.03445899859070778,-0.0053400001488626,0,0.034481000155210495,0.953760027885437,0.2985840141773224,0,-0.00519599998369813,-0.29858601093292236,0.9543681740760803,0,-0.0004769999941345304,2.2031569480895996,0,1
B29,mixamorig_LeftHandPinky3,28,0.9994879961013794,-0.03167999908328056,-0.004461000207811594,0,0.031644001603126526,0.9584190249443054,0.28360581398010254,0,-0.004708999767899513,-0.2836018204689026,0.958931028842926,0,-0.0004920000210404396,1.86707603931427,0,1
B30,mixamorig_LeftHandPinky4,29,1,0,0,0,0,1,0,0,0,0,1,0,0.0009679999784566462,1.2460689544677734,0,1
B31,mixamorig_RightShoulder,3,0.2590329945087433,-0.015483411028981209,0.9657440781593323,0,-0.8587456345558167,-0.4613620936870575,0.22293634712696075,0,0.4421064853668213,-0.8870766162872314,-0.13280436396598816,0,-8.001996040344238,18.897123336791992,-0.003046999918296933,1
B32,mixamorig_RightArm,31,0.8832902908325195,-0.3491998314857483,0.31282201409339905,0,-0.02912137657403946,0.6250897645950317,0.7800089716911316,0,-0.4679206907749176,-0.6980844140052795,0.5419671535491943,0,0,16.3656005859375,0,1
B33,mixamorig_RightForeArm,32,0.993408203125,-0.1145634576678276,-0.004029999952763319,0,0.11459062993526459,0.9933841824531555,0.007501319982111454,0,0.0031441699247807264,-0.007913320325314999,0.9999639987945557,0,0,40.2408561706543,0,1
B34,mixamorig_RightHand,33,0.9573429822921753,0.08371764421463013,-0.2765619456768036,0,-0.049280840903520584,0.9903922080993652,0.12921050190925598,0,0.2847212851047516,-0.11006945371627808,0.9522697925567627,0,0,34.11394119262695,0,1
B35,mixamorig_RightHandThumb1,34,0.8567240238189697,-0.5151309967041016,-0.025776000693440437,0,0.48563817143440247,0.7888249754905701,0.37671101093292236,0,-0.1737229973077774,-0.3352549970149994,0.9259719848632812,0,3.4725589752197266,6.503436088562012,2.6446518898010254,1
B36,mixamorig_RightHandThumb2,35,0.8124129772186279,0.5781580209732056,0.07561899721622467,0,-0.5527321696281433,0.8049188256263733,-0.21585500240325928,0,-0.18566516041755676,0.1335660070180893,0.9734929800033569,0,0.20625600218772888,6.262588977813721,0,1
B37,mixamorig_RightHandThumb3,36,0.9839619994163513,-0.13185499608516693,-0.12013400346040726,0,0.08715099841356277,0.9429969787597656,-0.3211889863014221,0,0.1556359976530075,0.30556800961494446,0.9393640160560608,0,0.16963399946689606,5.428116798400879,0,1
B38,mixamorig_RightHandThumb4,37,1,0,0,0,0,1,0,0,0,0,1,0,-0.37588900327682495,4.29663610458374,0,1
B39,mixamorig_RightHandIndex1,34,0.9953200221061707,-0.09661699831485748,-0.0017679999582469463,0,0.09617400169372559,0.9886410236358643,0.11549700051546097,0,-0.009411829523742199,-0.11512599885463715,0.9933059811592102,0,5.090911865234375,21.570802688598633,-0.029138000681996346,1
B40,mixamorig_RightHandIndex2,39,0.9996320009231567,0.02680082991719246,0.004098999779671431,0,-0.02680082991719246,0.9539200067520142,0.29886099696159363,0,0.004098999779671431,-0.29886099696159363,0.9542880058288574,0,-0.000028000000384054147,3.7846291065216064,0,1
B41,mixamorig_RightHandIndex3,40,0.9999210238456726,0.012553170323371887,0.0008829999715089798,0,-0.012553170323371887,0.9900739789009094,0.13998599350452423,0,0.0008829999715089798,-0.13998599350452423,0.9901530146598816,0,0.000039999998989515007,3.663832902908325,0,1
B42,mixamorig_RightHandIndex4,41,1,0,0,0,0,1,0,0,0,0,1,0,-0.000012000000424450263,2.856606960296631,0,1
B43,mixamorig_RightHandMiddle1,34,0.9993709921836853,-0.03513199836015701,-0.004741999786347151,0,0.03517799824476242,0.9662160277366638,0.2553221881389618,0,-0.004387999884784222,-0.2553290128707886,0.9668440222740173,0,1.7376790046691895,22.911474227905273,-0.07990100234746933,1
B44,mixamorig_RightHandMiddle2,43,0.9996320009231567,0.026798000559210777,0.004100000020116568,0,-0.026796000078320503,0.953764021396637,0.299358993768692,0,0.004112000111490488,-0.29935818910598755,0.9541320204734802,0,0.00004600000102072954,4.017561912536621,0,1
B45,mixamorig_RightHandMiddle3,44,0.9995880126953125,0.028348999097943306,0.00459699984639883,0,-0.028348829597234726,0.9483050107955933,0.31609201431274414,0,0.004601169843226671,-0.31609201431274414,0.9487171769142151,0,-0.00009600000339560211,3.6927289962768555,0,1
B46,mixamorig_RightHandMiddle4,45,1,0,0,0,0,1,0,0,0,0,1,0,0.000048999998398358,2.9450631141662598,0,1
B47,mixamorig_RightHandRing1,34,0.9997760057449341,-0.021102000027894974,0.0013920000055804849,0,0.019318999722599983,0.9380959868431091,0.3458378314971924,0,-0.008603829890489578,-0.34573298692703247,0.9382929801940918,0,-2.0424020290374756,22.845932006835938,-0.27081298828125,1
B48,mixamorig_RightHandRing2,47,0.9994930028915405,0.03133799880743027,0.005541000049561262,0,-0.031248999759554863,0.9334890246391296,0.35724198818206787,0,0.006022999994456768,-0.3572341799736023,0.9339950084686279,0,-0.002403999911621213,3.2847208976745605,0,1
B49,mixamorig_RightHandRing3,48,0.9995999932289124,0.027871999889612198,0.004705999977886677,0,-0.027969999238848686,0.9512699842453003,0.3070870041847229,0,0.004081999883055687,-0.307096004486084,0.9516699910163879,0,-0.0006019999855197966,3.4200000762939453,0,1
B50,mixamorig_RightHandRing4,49,1,0,0,0,0,1,0,0,0,0,1,0,0.0030060000717639923,2.219630002975464,0,1
B51,mixamorig_RightHandPinky1,34,0.9998649954795837,0.012582999654114246,0.010571000166237354,0,-0.015956999734044075,0.8972702026367188,0.44119301438331604,0,-0.003932999912649393,-0.44130200147628784,0.897350013256073,0,-4.786189079284668,21.68233871459961,-0.006763000041246414,1
B52,mixamorig_RightHandPinky2,51,0.9996200203895569,0.027281999588012695,0.003907829988747835,0,-0.0272000003606081,0.9537519812583923,0.29936298727989197,0,0.004440169781446457,-0.29935500025749207,0.954131007194519,0,-0.0017480000387877226,2.2173030376434326,0,1
B53,mixamorig_RightHandPinky3,52,0.9995909929275513,0.02821500040590763,0.004639000166207552,0,-0.028369000181555748,0.9583079814910889,0.2843250036239624,0,0.003576999995857477,-0.2843399941921234,0.9587169885635376,0,-0.0008210000232793391,2.010317087173462,0,1
B54,mixamorig_RightHandPinky4,53,1,0,0,0,0,1,0,0,0,0,1,0,0.0025690000038594007,1.0639890432357788,0,1
B55,mixamorig_LeftUpLeg,0,-0.950172483921051,-0.13160119950771332,0.28258293867111206,0,0.17199546098709106,-0.9773684740066528,0.12315869331359863,0,0.25997957587242126,0.16562530398368835,0.9513034224510193,0,14.099202156066895,-7.80706787109375,0.2510110139846802,1
B56,mixamorig_LeftLeg,55,0.9975364208221436,0.06803823262453079,0.017071891576051712,0,-0.06120289862155914,0.9630903601646423,-0.2621292769908905,0,-0.03427683934569359,0.2604388892650604,0.9648817181587219,0,0,64.926025390625,0,1
B57,mixamorig_LeftFoot,56,0.9909129738807678,-0.13449569046497345,-0.0014501699479296803,0,0.10708427429199219,0.7823383212089539,0.6135792136192322,0,-0.0813898891210556,-0.6081590056419373,0.789631724357605,0,0,64.20130157470703,0,1
B58,mixamorig_LeftToeBase,57,0.99965900182724,-0.002413510112091899,0.026006659492850304,0,-0.018893830478191376,0.6206620335578918,0.7838500142097473,0,-0.018032830208539963,-0.7840740084648132,0.6204050779342651,0,0,13.496685028076172,0,1
B59,mixamorig_LeftToe_End,58,1,0,0,0,0,1,0,0,0,0,1,0,0,3.456465005874634,0,1
B60,mixamorig_RightUpLeg,0,-0.9820326566696167,-0.0477282889187336,-0.18257439136505127,0,0.05370459705591202,-0.9981663823127747,-0.027926331385970116,0,-0.18090660870075226,-0.03722928836941719,0.982795000076294,0,-14.099202156066895,-7.80706787109375,0.2107049971818924,1
B61,mixamorig_RightLeg,60,0.9846146702766418,-0.06727943569421768,-0.16126613318920135,0,0.04017206281423569,0.9853389859199524,-0.1658092439174652,0,0.17005757987499237,0.15677981078624725,0.9728822708129883,0,0,64.92598724365234,0,1
B62,mixamorig_RightFoot,61,0.9977230429649353,0.0655180811882019,-0.016001209616661072,0,-0.010456142015755177,0.38465800881385803,0.9230002760887146,0,0.06662793457508087,-0.920731246471405,0.38446739315986633,0,0,64.18057250976562,0,1
B63,mixamorig_RightToeBase,62,0.9998729825019836,0,-0.015961170196533203,0,0.007236999925225973,0.8913189768791199,0.4533190131187439,0,0.014227000065147877,-0.45337700843811035,0.8912051916122437,0,0,22.28676986694336,-9.999999974752427e-7,1
B64,mixamorig_RightToe_End,63,1,0,0,0,0,1,0,0,0,0,1,0,0,10.420294761657715,0,1
@52,0,1,2,3,4,5,7,8,9,10,11,12,13,15,16,17,19,20,21,23,24,25,27,28,29,31,32,33,34,35,36,37,39,40,41,43,44,45,47,48,49,51,52,53,55,56,57,58,60,61,62,63
K0.000,0.9939669966697693,-0.055316999554634094,0.09471099823713303,0,0.061142999678850174,0.9963390231132507,-0.05975700169801712,0,-0.09105899930000305,0.0651869997382164,0.9937099814414978,0,0.5284119844436646,147.31121826171875,-0.3088589906692505,1,0.9986950159072876,0.04496200010180473,-0.0242139995098114,0,-0.045256998389959335,0.9989060163497925,-0.011769000440835953,0,0.023659000173211098,0.012849000282585621,0.999638020992279,0,0,14.052734375,-0.9930750131607056,1,0.9996150135993958,0.027522999793291092,-0.003444999922066927,0,-0.027448000386357307,0.9994189739227295,0.020230000838637352,0,0.004000000189989805,-0.020128000527620316,0.9997889995574951,0,0,16.43573760986328,0,1,0.9996110200881958,0.02761000022292137,-0.003836000105366111,0,-0.027528999373316765,0.9994249939918518,0.01978999935090542,0,0.004379999823868275,-0.019677000120282173,0.999796986579895,0,0,18.78371238708496,0,1,0.9999679923057556,0.007590999826788902,0.0026910000015050173,0,-0.007935999892652035,0.9857670068740845,0.16793200373649597,0,-0.0013780000153928995,-0.16794799268245697,0.9857950210571289,0,0,21.131654739379883,0,1,0.9997109770774841,-0.0045540002174675465,-0.023615000769495964,0,0.0014059999957680702,0.9912949800491333,-0.1316560059785843,0,0.02400900050997734,0.13158400356769562,0.9910140037536621,0,0,8.71087646484375,0.649304986000061,1,0.2525149881839752,0.022204000502824783,-0.9673380255699158,0,0.879239022731781,-0.4226340055465698,0.21981599926948547,0,-0.40394899249076843,-0.9060279726982117,-0.12624399363994598,0,8.001996040344238,18.918903350830078,-0.3112339973449707,1,0.9463499784469604,0.2773360013961792,-0.1658480018377304,0,0.0038789999671280384,0.5034480094909668,0.8640170097351074,0,0.32311901450157166,-0.818306028842926,0.47536298632621765,0,0,16.365602493286133,0,1,0.9996749758720398,0.025384999811649323,0.0024399999529123306,0,-0.02538999915122986,0.999675989151001,0.0019809999503195286,0,-0.002389000030234456,-0.002041999949142337,0.9999949932098389,0,0,40.218624114990234,0,1,0.874226987361908,-0.04619099944829941,0.48331400752067566,0,-0.013682999648153782,0.9927250146865845,0.11962699890136719,0,-0.4853239953517914,-0.11119399964809418,0.867235004901886,0,0,34.10688018798828,0,1,0.8562309741973877,0.5165879726409912,0.0022440000902861357,0,-0.4789089858531952,0.792136013507843,0.37837401032447815,0,0.19368599355220795,-0.3250499963760376,0.9256500005722046,0,-3.4304990768432617,6.394920825958252,2.3557169437408447,1,0.831650972366333,-0.5439090132713318,-0.11188899725675583,0,0.5127050280570984,0.8295029997825623,-0.22148999571800232,0,0.2132820039987564,0.12683600187301636,0.9687219858169556,0,0.05008799955248833,6.103577136993408,0,1,0.9881229996681213,0.046473998576402664,0.14646999537944794,0,-0.009158000349998474,0.9692869782447815,-0.24576200544834137,0,-0.1533930003643036,0.24150100350379944,0.9581999778747559,0,-0.10409499704837799,5.582764148712158,0,1,0.9964349865913391,0.08433700352907181,-0.002076999982818961,0,-0.08336299657821655,0.9881070256233215,0.12921099364757538,0,0.012949000112712383,-0.12857800722122192,0.9916149973869324,0,-5.124423027038574,21.986095428466797,0.145673006772995,1,0.9994120001792908,-0.03389099985361099,-0.0051460000686347485,0,0.033883001655340195,0.9539250135421753,0.2981260120868683,0,-0.00519500020891428,-0.2981249988079071,0.9545130133628845,0,-0.00002099999983329326,3.5268421173095703,0,1,0.9998670220375061,-0.016270000487565994,-0.0011409999569877982,0,0.016270000487565994,0.9900680184364319,0.13964100182056427,0,-0.0011419999646022916,-0.13964100182056427,0.990202009677887,0,0.000547999981790781,3.572993040084839,0,1,0.9998239874839783,0.018650999292731285,0.0019359999569132924,0,-0.018489999696612358,0.9635339975357056,0.26694801449775696,0,0.0031129999551922083,-0.2669369876384735,0.9637089967727661,0,-1.5863289833068848,22.938554763793945,-0.07304000109434128,1,0.9993860125541687,-0.034641001373529434,-0.005280000157654285,0,0.034637000411748886,0.9537709951400757,0.29853299260139465,0,-0.005305000115185976,-0.29853299260139465,0.954384982585907,0,-0.00027200000477023423,4.065708160400391,0,1,0.9992960095405579,-0.03702700138092041,-0.005987999960780144,0,0.037025999277830124,0.9482970237731934,0.315216988325119,0,-0.005993000231683254,-0.315216988325119,0.9490010142326355,0,0.0005280000041238964,3.6918890476226807,0,1,0.9999899864196777,0.0016220000106841326,-0.004050999879837036,0,-0.00007100000220816582,0.9342470169067383,0.3566260039806366,0,0.004362999927252531,-0.35662299394607544,0.9342380166053772,0,1.990501046180725,23.168066024780273,-0.4378890097141266,1,0.9991179704666138,-0.04130600020289421,-0.00750300008803606,0,0.0412679985165596,0.9334840178489685,0.35623699426651,0,-0.007710999809205532,-0.3562319874763489,0.93436598777771,0,0.0013989999424666166,3.1800289154052734,0,1,0.9993550181388855,-0.035457998514175415,-0.00571900000795722,0,0.03550500050187111,0.9512959718704224,0.3062269985675812,0,-0.005417999811470509,-0.3062320053577423,0.9519410133361816,0,-0.00029799999902024865,3.3116979598999023,0,1,0.9992679953575134,-0.03396400064229965,-0.017619000747799873,0,0.03826000168919563,0.8919849991798401,0.45044299960136414,0,0.00041700000292621553,-0.4507870078086853,0.8926309943199158,0,4.720250129699707,21.891002655029297,0.167930006980896,1,0.9993919730186462,-0.03445899859070778,-0.0053400001488626,0,0.034481000155210495,0.953760027885437,0.2985840141773224,0,-0.00519599998369813,-0.29858601093292236,0.9543690085411072,0,-0.0004769999941345304,2.2031569480895996,0,1,0.9994879961013794,-0.03167999908328056,-0.004461000207811594,0,0.031644001603126526,0.9584190249443054,0.28360599279403687,0,-0.004708999767899513,-0.2836019992828369,0.958931028842926,0,-0.0004920000210404396,1.86707603931427,0,1,0.25050899386405945,-0.017284000292420387,0.967960000038147,0,-0.861162006855011,-0.4607909917831421,0.2146410048007965,0,0.44231700897216797,-0.8873400092124939,-0.13031700253486633,0,-8.001996040344238,18.897123336791992,-0.003046999918296933,1,0.8812350034713745,-0.3527590036392212,0.3146210014820099,0,-0.027796000242233276,0.6257870197296143,0.7794979810714722,0,-0.47186100482940674,-0.6956660151481628,0.5416600108146667,0,0,16.3656005859375,0,1,0.9932079911231995,-0.11628500372171402,-0.004042999818921089,0,0.11631400138139725,0.9931830167770386,0.007613999769091606,0,0.0031300000846385956,-0.00803299993276596,0.9999629855155945,0,0,40.2408561706543,0,1,0.9577270150184631,0.08466800302267075,-0.2749370038509369,0,-0.047127000987529755,0.9889739751815796,0.14039400219917297,0,0.28379198908805847,-0.12150199711322784,0.9511569738388062,0,0,34.11394119262695,0,1,0.8567240238189697,-0.5151309967041016,-0.025776000693440437,0,0.48563799262046814,0.7888249754905701,0.37671101093292236,0,-0.1737229973077774,-0.3352549970149994,0.9259719848632812,0,3.4725589752197266,6.503436088562012,2.6446518898010254,1,0.8124129772186279,0.5781580209732056,0.07562000304460526,0,-0.552731990814209,0.8049179911613464,-0.21585500240325928,0,-0.18566599488258362,0.1335660070180893,0.9734929800033569,0,0.20625600218772888,6.262588977813721,0,1,0.9839619994163513,-0.13185499608516693,-0.12013400346040726,0,0.08715099841356277,0.9429969787597656,-0.3211889863014221,0,0.1556359976530075,0.30556800961494446,0.9393640160560608,0,0.16963399946689606,5.428116798400879,0,1,0.9953200221061707,-0.09661699831485748,-0.0017679999582469463,0,0.0961730033159256,0.9886410236358643,0.11549700051546097,0,-0.009410999715328217,-0.11512599885463715,0.9933059811592102,0,5.090911865234375,21.570802688598633,-0.029138000681996346,1,0.9996320009231567,0.02680099941790104,0.004098999779671431,0,-0.02680099941790104,0.9539200067520142,0.29886099696159363,0,0.004098999779671431,-0.29886099696159363,0.9542880058288574,0,-0.000028000000384054147,3.7846291065216064,0,1,0.9999210238456726,0.012552999891340733,0.0008829999715089798,0,-0.012552999891340733,0.9900739789009094,0.13998599350452423,0,0.0008829999715089798,-0.13998599350452423,0.9901530146598816,0,0.000039999998989515007,3.663832902908325,0,1,0.9993709921836853,-0.03513199836015701,-0.004741999786347151,0,0.03517799824476242,0.9662160277366638,0.25532200932502747,0,-0.004387999884784222,-0.2553290128707886,0.9668440222740173,0,1.7376790046691895,22.911474227905273,-0.07990100234746933,1,0.9996320009231567,0.026798000559210777,0.004100000020116568,0,-0.026796000078320503,0.953764021396637,0.299358993768692,0,0.004110999871045351,-0.299358993768692,0.9541320204734802,0,0.00004600000102072954,4.017561912536621,0,1,0.9995880126953125,0.028348999097943306,0.00459699984639883,0,-0.028348999097943306,0.9483050107955933,0.31609201431274414,0,0.004602000117301941,-0.31609100103378296,0.9487180113792419,0,-0.00009600000339560211,3.6927289962768555,0,1,0.9997760057449341,-0.021102000027894974,0.0013920000055804849,0,0.019318999722599983,0.9380959868431091,0.3458369970321655,0,-0.008603000082075596,-0.34573298692703247,0.9382929801940918,0,-2.0424020290374756,22.845932006835938,-0.27081298828125,1,0.9994930028915405,0.03133799880743027,0.005541000049561262,0,-0.031248999759554863,0.9334890246391296,0.35724300146102905,0,0.006022999994456768,-0.35723501443862915,0.9339950084686279,0,-0.002403999911621213,3.2847208976745605,0,1,0.9995999932289124,0.027871999889612198,0.004705999977886677,0,-0.027969999238848686,0.9512699842453003,0.3070870041847229,0,0.004081999883055687,-0.3070949912071228,0.9516699910163879,0,-0.0006019999855197966,3.4200000762939453,0,1,0.9998649954795837,0.012582999654114246,0.010571000166237354,0,-0.015956999734044075,0.8972700238227844,0.44119301438331604,0,-0.00393400015309453,-0.44130200147628784,0.897350013256073,0,-4.786189079284668,21.68233871459961,-0.006763000041246414,1,0.9996200203895569,0.027281999588012695,0.003907000180333853,0,-0.0272000003606081,0.9537519812583923,0.29936298727989197,0,0.004441000055521727,-0.29935500025749207,0.954131007194519,0,-0.0017480000387877226,2.2173030376434326,0,1,0.9995909929275513,0.02821500040590763,0.004639000166207552,0,-0.028370000422000885,0.9583079814910889,0.2843250036239624,0,0.003576999995857477,-0.2843399941921234,0.9587169885635376,0,-0.0008210000232793391,2.010317087173462,0,1,-0.9507259726524353,-0.13197800517082214,0.28053799271583557,0,0.17431099712848663,-0.9758520126342773,0.13164100050926208,0,0.2563900053501129,0.17405599355697632,0.9507730007171631,0,14.099202156066895,-7.80706787109375,0.2510110139846802,1,0.9975529909133911,0.06734099984169006,0.01879899948835373,0,-0.05986800044775009,0.9616129994392395,-0.2678000032901764,0,-0.036111000925302505,0.26601898670196533,0.9632909893989563,0,0,64.926025390625,0,1,0.9912300109863281,-0.13213799893856049,-0.0017590000061318278,0,0.10517200082540512,0.7807480096817017,0.6159319877624512,0,-0.08001399785280228,-0.6107149720191956,0.7877979874610901,0,0,64.20130157470703,0,1,0.99965900182724,-0.0024250000715255737,0.026000000536441803,0,-0.01888900063931942,0.6203290224075317,0.7841140031814575,0,-0.01803000085055828,-0.7843379974365234,0.6200709939002991,0,0,13.496685028076172,0,1,-0.982250988483429,-0.04984100162982941,-0.1808280050754547,0,0.05619300156831741,-0.9979640245437622,-0.03017299994826317,0,-0.17895600199699402,-0.039799001067876816,0.9830520153045654,0,-14.099202156066895,-7.80706787109375,0.2107049971818924,1,0.9846770167350769,-0.06385999917984009,-0.1622759997844696,0,0.03928599879145622,0.98785001039505,-0.1503629982471466,0,0.16990700364112854,0.14168399572372437,0.9752219915390015,0,0,64.92598724365234,0,1,0.9976490139961243,0.0659250020980835,-0.01874000020325184,0,-0.00878200028091669,0.3941439986228943,0.9190070033073425,0,0.06797099858522415,-0.9166809916496277,0.39379599690437317,0,0,64.18057250976562,0,1,0.9998729825019836,0,-0.015961000695824623,0,0.007236000150442123,0.8913189768791199,0.4533190131187439,0,0.014227000065147877,-0.45337700843811035,0.8912050127983093,0,0,22.28676986694336,0,1
K0.033,0.9939690232276917,-0.05534899979829788,0.0946739986538887,0,0.06114400178194046,0.9963570237159729,-0.0594479963183403,0,-0.09103800356388092,0.06487800180912018,0.9937319755554199,0,0.5297260284423828,147.3126220703125,-0.30661892890930176,1,0.9986990094184875,0.04492500051856041,-0.024133998900651932,0,-0.04521999880671501,0.9989070296287537,-0.011830002069473267,0,0.023575998842716217,0.012906001880764961,0.9996389746665955,0,0,14.052734375,-0.9930750131607056,1,0.9996160268783569,0.027509000152349472,-0.0034119989722967148,0,-0.027434999123215675,0.9994189739227295,0.020210999995470047,0,0.003965998999774456,-0.02010899968445301,0.9997900128364563,0,0,16.43573760986328,0,1,0.9996119737625122,0.02759600058197975,-0.003803999163210392,0,-0.027515999972820282,0.999426007270813,0.019770000129938126,0,0.0043469988740980625,-0.019657999277114868,0.999796986579895,0,0,18.78371238708496,0,1,0.9999669790267944,0.00760900042951107,0.0026889999862760305,0,-0.007952000014483929,0.9857649803161621,0.16793900728225708,0,-0.0013729998609051108,-0.16795499622821808,0.9857940077781677,0,0,21.131654739379883,0,1,0.9997109770774841,-0.004584000911563635,-0.023612000048160553,0,0.0014370008138939738,0.9912999868392944,-0.13161000609397888,0,0.024010000750422478,0.1315380036830902,0.9910200238227844,0,0,8.71087646484375,0.649304986000061,1,0.25259700417518616,0.02219800092279911,-0.9673169851303101,0,0.8792650103569031,-0.4225330054759979,0.2199070006608963,0,-0.4038409888744354,-0.9060760140419006,-0.12624800205230713,0,8.001996040344238,18.918903350830078,-0.3112339973449707,1,0.9462940096855164,0.2774209976196289,-0.16602599620819092,0,0.004020003601908684,0.503387987613678,0.8640509843826294,0,0.32328200340270996,-0.8183140158653259,0.47523799538612366,0,0,16.365602493286133,0,1,0.999675989151001,0.025335997343063354,0.0024399999529123306,0,-0.02534099854528904,0.9996770024299622,0.001976999919861555,0,-0.002389000030234456,-0.0020379999186843634,0.9999949932098389,0,0,40.218624114990234,0,1,0.8742460012435913,-0.04629400372505188,0.4832710027694702,0,-0.013585996814072132,0.9927210211753845,0.11967200040817261,0,-0.4852930009365082,-0.11118800193071365,0.8672530055046082,0,0,34.10688018798828,0,1,0.8562309741973877,0.5165879726409912,0.0022440000902861357,0,-0.4789089858531952,0.792136013507843,0.37837401032447815,0,0.19368599355220795,-0.3250499963760376,0.9256500005722046,0,-3.4304990768432617,6.394920825958252,2.3557169437408447,1,0.831650972366333,-0.5439090132713318,-0.11188899725675583,0,0.5127059817314148,0.8295029997825623,-0.22148899734020233,0,0.2132820039987564,0.12683600187301636,0.9687229990959167,0,0.05008799955248833,6.103577136993408,0,1,0.9881229996681213,0.046473998576402664,0.14646999537944794,0,-0.009158000349998474,0.9692869782447815,-0.24576200544834137,0,-0.1533930003643036,0.24150100350379944,0.9581999778747559,0,-0.10409499704837799,5.582764148712158,0,1,0.9964349865913391,0.08433700352907181,-0.002076999982818961,0,-0.08336299657821655,0.9881070256233215,0.12921099364757538,0,0.012949000112712383,-0.12857699394226074,0.9916149973869324,0,-5.124423027038574,21.986095428466797,0.145673006772995,1,0.9994120001792908,-0.03389099985361099,-0.0051460000686347485,0,0.033883001655340195,0.9539250135421753,0.2981260120868683,0,-0.00519500020891428,-0.2981249988079071,0.9545130133628845,0,-0.00002099999983329326,3.5268421173095703,0,1,0.9998670220375061,-0.016270000487565994,-0.0011419999646022916,0,0.016270000487565994,0.9900680184364319,0.13964100182056427,0,-0.0011419999646022916,-0.13964100182056427,0.990202009677887,0,0.000547999981790781,3.572993040084839,0,1,0.9998239874839783,0.018650999292731285,0.0019359999569132924,0,-0.018489999696612358,0.9635339975357056,0.26694801449775696,0,0.0031139999628067017,-0.2669369876384735,0.9637089967727661,0,-1.5863289833068848,22.938554763793945,-0.07304000109434128,1,0.9993860125541687,-0.034641001373529434,-0.005280000157654285,0,0.034637000411748886,0.9537699818611145,0.29853299260139465,0,-0.005305000115185976,-0.29853299260139465,0.954384982585907,0,-0.00027200000477023423,4.065708160400391,0,1,0.9992960095405579,-0.03702700138092041,-0.005987999960780144,0,0.037025999277830124,0.9482970237731934,0.315216988325119,0,-0.005993000231683254,-0.315216988325119,0.9490010142326355,0,0.0005280000041238964,3.6918890476226807,0,1,0.9999899864196777,0.0016220000106841326,-0.004050999879837036,0,-0.00007100000220816582,0.9342470169067383,0.3566260039806366,0,0.004362999927252531,-0.35662299394607544,0.9342380166053772,0,1.990501046180725,23.168066024780273,-0.4378890097141266,1,0.9991179704666138,-0.04130600020289421,-0.00750300008803606,0,0.0412679985165596,0.9334840178489685,0.35623699426651,0,-0.007710999809205532,-0.35623300075531006,0.9343649744987488,0,0.0013989999424666166,3.1800289154052734,0,1,0.9993550181388855,-0.035457998514175415,-0.00571900000795722,0,0.03550500050187111,0.9512959718704224,0.3062269985675812,0,-0.005417999811470509,-0.3062320053577423,0.9519410133361816,0,-0.00029799999902024865,3.3116979598999023,0,1,0.9992679953575134,-0.03396400064229965,-0.01761999912559986,0,0.03826000168919563,0.8919849991798401,0.45044299960136414,0,0.00041700000292621553,-0.4507870078086853,0.8926309943199158,0,4.720250129699707,21.891002655029297,0.167930006980896,1,0.9993919730186462,-0.03445899859070778,-0.0053400001488626,0,0.034481000155210495,0.953760027885437,0.2985830008983612,0,-0.00519599998369813,-0.29858601093292236,0.9543690085411072,0,-0.0004769999941345304,2.2031569480895996,0,1,0.9994879961013794,-0.03167999908328056,-0.004461000207811594,0,0.031644001603126526,0.9584190249443054,0.28360500931739807,0,-0.004708999767899513,-0.28360098600387573,0.958931028842926,0,-0.0004920000210404396,1.86707603931427,0,1,0.25058498978614807,-0.01728600077331066,0.9679399728775024,0,-0.8612229824066162,-0.4606359899044037,0.21473200619220734,0,0.44215598702430725,-0.8874210119247437,-0.13031600415706635,0,-8.001996040344238,18.897123336791992,-0.003046999918296933,1,0.8812040090560913,-0.3527759909629822,0.3146879971027374,0,-0.02780199982225895,0.6258479952812195,0.7794489860534668,0,-0.471917986869812,-0.6956030130386353,0.5416920185089111,0,0,16.3656005859375,0,1,0.9932159781455994,-0.1162170022726059,-0.004042999818921089,0,0.11624500155448914,0.9931910037994385,0.00761000020429492,0,0.003131000092253089,-0.00802799966186285,0.9999629855155945,0,0,40.2408561706543,0,1,0.9577670097351074,0.08468099683523178,-0.2747949957847595,0,-0.04715000092983246,0.988968014717102,0.14042800664901733,0,0.28365498781204224,-0.12154100090265274,0.9511929750442505,0,0,34.11394119262695,0,1,0.8567240238189697,-0.5151309967041016,-0.025776000693440437,0,0.48563799262046814,0.7888240218162537,0.37671101093292236,0,-0.1737229973077774,-0.3352549970149994,0.9259719848632812,0,3.4725589752197266,6.503436088562012,2.6446518898010254,1,0.8124129772186279,0.5781580209732056,0.07562000304460526,0,-0.552731990814209,0.8049179911613464,-0.21585500240325928,0,-0.18566599488258362,0.1335660070180893,0.9734929800033569,0,0.20625600218772888,6.262588977813721,0,1,0.9839619994163513,-0.13185499608516693,-0.12013400346040726,0,0.08715099841356277,0.9429960250854492,-0.3211889863014221,0,0.1556359976530075,0.30556800961494446,0.9393640160560608,0,0.16963399946689606,5.428116798400879,0,1,0.9953200221061707,-0.09661699831485748,-0.001766999950632453,0,0.09617400169372559,0.9886410236358643,0.11549700051546097,0,-0.009411999955773354,-0.11512699723243713,0.9933059811592102,0,5.090911865234375,21.570802688598633,-0.029138000681996346,1,0.9996320009231567,0.02680099941790104,0.004100000020116568,0,-0.02680099941790104,0.9539200067520142,0.29886099696159363,0,0.004098999779671431,-0.29886099696159363,0.9542880058288574,0,-0.000028000000384054147,3.7846291065216064,0,1,0.9999210238456726,0.01255400013178587,0.0008829999715089798,0,-0.012552999891340733,0.9900739789009094,0.13998599350452423,0,0.0008829999715089798,-0.13998599350452423,0.9901530146598816,0,0.000039999998989515007,3.663832902908325,0,1,0.9993709921836853,-0.03513199836015701,-0.004741999786347151,0,0.03517799824476242,0.9662160277366638,0.25532299280166626,0,-0.004387999884784222,-0.2553290128707886,0.9668440222740173,0,1.7376790046691895,22.911474227905273,-0.07990100234746933,1,0.9996320009231567,0.026798000559210777,0.004100000020116568,0,-0.026796000078320503,0.953764021396637,0.299358993768692,0,0.004112000111490488,-0.299358993768692,0.9541320204734802,0,0.00004600000102072954,4.017561912536621,0,1,0.9995880126953125,0.028348999097943306,0.00459699984639883,0,-0.028348999097943306,0.9483050107955933,0.31609201431274414,0,0.004602000117301941,-0.31609201431274414,0.9487169981002808,0,-0.00009600000339560211,3.6927289962768555,0,1,0.9997760057449341,-0.021102000027894974,0.0013920000055804849,0,0.019318999722599983,0.938094973564148,0.3458380103111267,0,-0.008604000322520733,-0.34573298692703247,0.9382929801940918,0,-2.0424020290374756,22.845932006835938,-0.27081298828125,1,0.9994930028915405,0.03133799880743027,0.005541000049561262,0,-0.031248999759554863,0.9334890246391296,0.35724300146102905,0,0.006022999994456768,-0.35723501443862915,0.9339950084686279,0,-0.002403999911621213,3.2847208976745605,0,1,0.9995999932289124,0.027871999889612198,0.004705999977886677,0,-0.027969999238848686,0.9512699842453003,0.3070870041847229,0,0.004081999883055687,-0.307096004486084,0.9516699910163879,0,-0.0006019999855197966,3.4200000762939453,0,1,0.9998649954795837,0.012582999654114246,0.010571000166237354,0,-0.015956999734044075,0.8972700238227844,0.44119301438331604,0,-0.00393400015309453,-0.44130200147628784,0.897350013256073,0,-4.786189079284668,21.68233871459961,-0.006763000041246414,1,0.9996200203895569,0.027281999588012695,0.003907000180333853,0,-0.0272000003606081,0.9537519812583923,0.29936298727989197,0,0.004441000055521727,-0.29935500025749207,0.954131007194519,0,-0.0017480000387877226,2.2173030376434326,0,1,0.9995909929275513,0.02821500040590763,0.004639000166207552,0,-0.028370000422000885,0.9583079814910889,0.2843250036239624,0,0.003576999995857477,-0.2843399941921234,0.9587169885635376,0,-0.0008210000232793391,2.010317087173462,0,1,-0.9507840275764465,-0.13192099332809448,0.28036800026893616,0,0.1743129938840866,-0.9758049845695496,0.13198700547218323,0,0.2561720013618469,0.17436300218105316,0.9507750272750854,0,14.099202156066895,-7.80706787109375,0.2510110139846802,1,0.9975489974021912,0.06737100332975388,0.018879001960158348,0,-0.059873998165130615,0.9615989923477173,-0.26784801483154297,0,-0.03619900345802307,0.2660619914531708,0.9632760286331177,0,0,64.926025390625,0,1,0.9912289977073669,-0.1321450024843216,-0.0017559999832883477,0,0.10518199950456619,0.7807940244674683,0.6158720254898071,0,-0.08001299947500229,-0.6106539964675903,0.7878450155258179,0,0,64.20130157470703,0,1,0.99965900182724,-0.0024270000867545605,0.02599800005555153,0,-0.018888000398874283,0.6202660202980042,0.7841640114784241,0,-0.018029000610113144,-0.78438800573349,0.6200079917907715,0,0,13.496685028076172,0,1,-0.9822589755058289,-0.049922000616788864,-0.18076300621032715,0,0.05624600127339363,-0.9979649782180786,-0.030027000233530998,0,-0.1788959950208664,-0.03966100141406059,0.9830679893493652,0,-14.099202156066895,-7.80706787109375,0.2107049971818924,1,0.9846789836883545,-0.06380899995565414,-0.1622840017080307,0,0.03928900137543678,0.9878990054130554,-0.15004099905490875,0,0.1698949933052063,0.14136600494384766,0.9752699732780457,0,0,64.92598724365234,0,1,0.9976480007171631,0.06591100245714188,-0.018794000148773193,0,-0.00873900018632412,0.39429399371147156,0.9189429879188538,0,0.06797900050878525,-0.9166179895401001,0.39394301176071167,0,0,64.18057250976562,0,1,0.9998729825019836,0,-0.01596199907362461,0,0.007236999925225973,0.8913189768791199,0.4533179998397827,0,0.014227000065147877,-0.45337599515914917,0.8912060260772705,0,0,22.28676986694336,0,1
