8.633,30,258,65
B0,mixamorig_Hips,-1,0.9198059439659119,0.042582470923662186,0.3900454342365265,0,-0.0509120412170887,0.9986349940299988,0.011061514727771282,0,-0.3890461027622223,-0.03003559820353985,0.9207175970077515,0,-0.19758565723896027,124.89215850830078,2.957720994949341,1
B1,mixamorig_Spine,0,0.9988583922386169,-0.047378771007061005,-0.0001477086916565895,0,0.04691486060619354,0.9891543984413147,-0.13915212452411652,0,0.006742614321410656,0.13899314403533936,0.9902489185333252,0,0,14.4847412109375,-1.3792730569839478,1
B2,mixamorig_Spine1,1,0.9999919533729553,-0.003822635393589735,-0.00002626435707497876,0,0.003815584583207965,0.9984250664710999,0.05589742958545685,0,-0.00019051406707149,-0.05589598789811134,0.9984326958656311,0,0,16.975305557250977,0,1
B3,mixamorig_Spine2,2,0.9999919533729553,-0.0038012233562767506,-0.0003420434659346938,0,0.0038123338017612696,0.9984250664710999,0.055896591395139694,0,0.0001251033099833876,-0.05589672923088074,0.9984326958656311,0,0,19.400348663330078,0,1
B4,mixamorig_Neck,3,0.9996503591537476,0.003731180215254426,-0.025990793481469154,0,-0.001045886194333434,0.994720458984375,0.10256538540124893,0,0.026240149512887,-0.10250351577997208,0.9943855404853821,0,0,21.82537841796875,-9.999999974752427e-7,1
B5,mixamorig_Head,4,0.96001797914505,-0.22466225922107697,-0.16695331037044525,0,0.20500098168849945,0.970470666885376,-0.12712471187114716,0,0.1905825138092041,0.08781333267688751,0.9777266979217529,0,0,12.570144653320312,13.61905288696289,1
B6,mixamorig_HeadTop_End,5,1,0,0,0,0,1,0,0,0,0,1,0,0,11.516159057617188,12.477115631103516,1
B7,mixamorig_LeftShoulder,3,0.05797635763883591,0.008030565455555916,-0.9982499480247498,0,0.9408445954322815,0.33379489183425903,0.05733558535575867,0,0.33368775248527527,-0.9425910711288452,0.01174661610275507,0,11.242671966552734,22.86545181274414,0.06803400069475174,1
B8,mixamorig_LeftArm,7,0.3969753086566925,-0.4949009418487549,0.7709965705871582,0,-0.12680721282958984,0.803905189037323,0.5808617472648621,0,-0.9073336124420166,-0.3290982246398926,0.25605079531669617,0,0,22.443819046020508,0,1
B9,mixamorig_LeftForeArm,8,-0.6565054655075073,0.7363625764846802,0.16330645978450775,0,-0.7395768761634827,-0.6709625720977783,0.0522640235722065,0,0.14806720614433289,-0.08646713197231293,0.9851893186569214,0,0,35.4805908203125,0,1
B10,mixamorig_LeftHand,9,0.6528428196907043,-0.09080754220485687,0.7516986727714539,0,-0.2649328410625458,0.901679515838623,0.3390815854072571,0,-0.7094548940658569,-0.4206794500350952,0.564259946346283,0,0,38.741512298583984,0,1
B11,mixamorig_LeftHandThumb1,10,0.9719589948654175,0.23372100293636322,-0.025885000824928284,0,-0.21961599588394165,0.9415780901908875,0.2553409934043884,0,0.08405113965272903,-0.24249599874019623,0.9665049910545349,0,-3.018354892730713,5.096963882446289,2.0507590770721436,1
B12,mixamorig_LeftHandThumb2,11,0.9795480966567993,-0.200313001871109,0.01896013878285885,0,0.20007500052452087,0.9796839952468872,0.013736999593675137,0,-0.021327000111341476,-0.009662000462412834,0.9997259974479675,0,-0.18777699768543243,5.0113630294799805,0,1
B13,mixamorig_LeftHandThumb3,12,0.9824410080909729,0.18657299876213074,-0.0001990000018849969,0,-0.1863899976015091,0.9814289808273315,-0.04534199833869934,0,-0.008263999596238136,0.044583000242710114,0.9989719986915588,0,-0.44544801115989685,5.313197135925293,0,1
B14,mixamorig_LeftHandThumb4,13,1,0,0,0,0,1,0,0,0,0,1,0,0.6332250237464905,4.771424770355225,0,1
B15,mixamorig_LeftHandIndex1,10,0.998295247554779,0.0580621175467968,-0.0018874745583161712,0,-0.05733076110482216,0.9897239208221436,0.12285453081130981,0,0.008748303167521954,-0.12255516648292542,0.9913965463638306,0,-4.094939231872559,16.369335174560547,0.0916140004992485,1
B16,mixamorig_LeftHandIndex2,15,1,0.0001889335981104523,-0.0000030036821954126935,0,-0.00018893358355853707,0.9999999403953552,0.0000026733046070148703,0,0.0000029965640351292677,-0.0000026733046070148703,0.9999999403953552,0,-0.0014850000152364373,4.605352878570557,0,1
B17,mixamorig_LeftHandIndex3,16,0.9999447464942932,0.009847471490502357,-0.00042195379501208663,0,-0.009847890585660934,0.9967941045761108,-0.0736037939786911,0,-0.000413203815696761,0.0736037939786911,0.9968493580818176,0,-0.000590000010561198,4.394004821777344,0,1
B18,mixamorig_LeftHandIndex4,17,1,0,0,0,0,1,0,0,0,0,1,0,0.0020749999675899744,3.8014039993286133,0,1
B19,mixamorig_LeftHandMiddle1,10,0.9991262555122375,0.041309185326099396,-0.003462007734924555,0,-0.03906616196036339,0.9660297632217407,0.2519678473472595,0,0.013532905839383602,-0.2516285181045532,0.9668272733688354,0,-1.3083469867706299,17.373653411865234,-0.20188699662685394,1
B20,mixamorig_LeftHandMiddle2,19,0.9999991059303284,-0.0009223222150467336,-0.000025191857275785878,0,0.0009231825242750347,0.9998829364776611,0.01415368914604187,0,0.000008830415936245117,-0.01415368914604187,0.9998838305473328,0,-0.0031129999551922083,4.965199947357178,0,1
B21,mixamorig_LeftHandMiddle3,20,0.9999781847000122,0.0053792656399309635,-0.00017075565119739622,0,-0.00537982489913702,0.9987218379974365,-0.040522489696741104,0,-0.00015781450201757252,0.04052262753248215,0.9987428784370422,0,0.0011129999766126275,4.619688034057617,0,1
B22,mixamorig_LeftHandMiddle4,21,1,0,0,0,0,1,0,0,0,0,1,0,0.0020000000949949026,3.943037986755371,0,1
B23,mixamorig_LeftHandRing1,10,0.9993259310722351,0.035856153815984726,-0.006007712334394455,0,-0.03229059278964996,0.9509864449501038,0.3047141432762146,0,0.016426099464297295,-0.30433034896850586,0.9515293836593628,0,1.4420390129089355,17.985288619995117,-0.006310000084340572,1
B24,mixamorig_LeftHandRing2,23,0.9999905228614807,-0.004051743075251579,-0.00006625444075325504,0,0.004051743075251579,0.9993821978569031,0.03233418986201286,0,-0.00008604153845226392,-0.03233418986201286,0.9993916749954224,0,0.0013899999903514981,4.215402126312256,0,1
B25,mixamorig_LeftHandRing3,24,0.9999919533729553,-0.001178144826553762,-0.0000321972620440647,0,0.001178563921712339,0.999549150466919,-0.00032408913830295205,0,-0.00007804283814039081,0.0003239496436435729,0.9995571970939636,0,0.0012659999774768949,3.955116033554077,0,1
B26,mixamorig_LeftHandRing4,25,1,0,0,0,0,1,0,0,0,0,1,0,-0.002655999967828393,3.0322980880737305,0,1
B27,mixamorig_LeftHandPinky1,10,0.9993037581443787,-0.028595030307769775,-0.023030946031212807,0,0.03367779403924942,0.9647760987281799,0.25677499175071716,0,0.014612718485295773,-0.2573908865451813,0.965100109577179,0,3.9612460136413574,18.36783790588379,-0.010742999613285065,1
B28,mixamorig_LeftHandPinky2,27,0.9978071451187134,0.06615650653839111,0.0001285305479541421,0,-0.06608337163925171,0.9966246485710144,0.04628312215209007,0,0.0029051359742879868,-0.04619165137410164,0.9988148212432861,0,-0.0017379999626427889,2.5612599849700928,0,1
B29,mixamorig_LeftHandPinky3,28,0.9999914765357971,-0.0016030054539442062,0.0000933317351154983,0,0.0015968214720487595,0.9990595579147339,0.031033474951982498,0,-0.0002565800677984953,-0.031032752245664597,0.9990680813789368,0,-0.0013150000013411045,2.4763059616088867,0,1
B30,mixamorig_LeftHandPinky4,29,1,0,0,0,0,1,0,0,0,0,1,0,0.0030539999715983868,1.745730996131897,0,1
B31,mixamorig_RightShoulder,3,-0.016619481146335602,0.002257497049868107,0.9998594522476196,0,-0.9710640907287598,0.23821941018104553,-0.01667860522866249,0,-0.2382231056690216,-0.9712046384811401,-0.0017680133460089564,0,-11.242671966552734,22.859600067138672,0.12948299944400787,1
B32,mixamorig_RightArm,31,0.24836620688438416,0.21120299398899078,-0.9453573226928711,0,0.4699455797672272,0.8271178603172302,0.3082578480243683,0,0.8470268249511719,-0.5208294987678528,0.10617178678512573,0,0,22.443819046020508,0,1
B33,mixamorig_RightForeArm,32,-0.7356646656990051,-0.6548147201538086,-0.17324835062026978,0,0.6582818627357483,-0.7514329552650452,0.04487324878573418,0,-0.159568190574646,-0.0810350850224495,0.9838556051254272,0,0,35.47752380371094,0,1
B34,mixamorig_RightHand,33,0.7609153389930725,-0.1354828178882599,-0.6344451904296875,0,0.07729718089103699,0.9898381233215332,-0.11869007349014282,0,0.6442102789878845,0.04129425436258316,0.7637081742286682,0,0,38.74174880981445,0,1
B35,mixamorig_RightHandThumb1,34,0.9905400276184082,-0.1366988569498062,0.012014999985694885,0,0.1268939971923828,0.9457769989967346,0.29900413751602173,0,-0.052237000316381454,-0.29465100169181824,0.9541760087013245,0,3.0820000171661377,5.384641170501709,2.1344919204711914,1
B36,mixamorig_RightHandThumb2,35,0.9800549745559692,0.19824786484241486,-0.013824000023305416,0,-0.19787800312042236,0.9799240231513977,0.024348000064492226,0,0.018372999504208565,-0.02112700045108795,0.9996079802513123,0,0.18491700291633606,5.245687007904053,0,1
B37,mixamorig_RightHandThumb3,36,0.9828500151634216,-0.1843738704919815,0.003406000090762973,0,0.1843508630990982,0.9819430112838745,-0.0424560010433197,0,0.004482999909669161,0.04235599935054779,0.9990929961204529,0,0.3563550114631653,5.486905097961426,0,1
B38,mixamorig_RightHandThumb4,37,1,0,0,0,0,1,0,0,0,0,1,0,-0.541271984577179,4.664385795593262,0,1
B39,mixamorig_RightHandIndex1,34,0.9976053833961487,-0.06913714855909348,0.0002808088611345738,0,0.06904583424329758,0.9964687824249268,0.04578668996691704,0,-0.0034231580793857574,-0.0456593818962574,0.9988591074943542,0,3.9833309650421143,17.095579147338867,0.027233999222517014,1
B40,mixamorig_RightHandIndex2,39,0.9999035000801086,0.01383026409894228,0.0007899545598775148,0,-0.013829263858497143,0.9932371377944946,0.11507359147071838,0,0.0008135354146361351,-0.11507359147071838,0.9933336973190308,0,0.001171999960206449,4.612405776977539,0,1
B41,mixamorig_RightHandIndex3,40,0.9998859167098999,0.015074403956532478,0.0008624176844023168,0,-0.015073403716087341,0.9932195544242859,0.1150725930929184,0,0.0008837191853672266,-0.1150725930929184,0.9933336973190308,0,-0.001791000016964972,4.334035873413086,0,1
B42,mixamorig_RightHandIndex4,41,1,0,0,0,0,1,0,0,0,0,1,0,0.0006179999909363687,3.8076539039611816,0,1
B43,mixamorig_RightHandMiddle1,34,0.9979097247123718,-0.064598448574543,-0.00074752327054739,0,0.06445945799350739,0.994870662689209,0.07684462517499924,0,-0.004199203569442034,-0.07673392444849014,0.996957540512085,0,1.399749994277954,18.367910385131836,-0.12174899876117706,1
B44,mixamorig_RightHandMiddle2,43,0.9998574256896973,0.016823122277855873,0.0012405937304720283,0,-0.0168298427015543,0.9898231029510498,0.1411425620317459,0,0.0011518511455506086,-0.1411435604095459,0.9899657368659973,0,0.0037819999270141125,4.775865077972412,0,1
B45,mixamorig_RightHandMiddle3,44,0.9998406171798706,0.01778699830174446,0.001193689415231347,0,-0.01777641847729683,0.9897974133491516,0.1412164270877838,0,0.0013353143585845828,-0.14121542870998383,0.9899566769599915,0,-0.0015650000423192978,4.436820983886719,0,1
B46,mixamorig_RightHandMiddle4,45,1,0,0,0,0,1,0,0,0,0,1,0,-0.0022169998846948147,3.8905179500579834,0,1
B47,mixamorig_RightHandRing1,34,0.9981241822242737,-0.06120036169886589,0.0008018286316655576,0,0.060689203441143036,0.9913144111633301,0.11598866432905197,0,-0.007873719558119774,-0.11572388559579849,0.9931714534759521,0,-1.5227470397949219,18.469026565551758,0.01854199916124344,1
B48,mixamorig_RightHandRing2,47,0.9997499585151672,0.022260425612330437,0.0018739313818514347,0,-0.022246843203902245,0.9845543503761292,0.17353571951389313,0,0.0020235562697052956,-0.17353472113609314,0.9848042130470276,0,-0.002669000066816807,4.147954940795898,0,1
B49,mixamorig_RightHandRing3,48,0.9997251033782959,0.023318439722061157,0.002088255016133189,0,-0.023327160626649857,0.9846075773239136,0.17310009896755219,0,0.0019846297800540924,-0.17310109734535217,0.9848824143409729,0,-0.0011449999874457717,3.8710811138153076,0,1
B50,mixamorig_RightHandRing4,49,1,0,0,0,0,1,0,0,0,0,1,0,0.0038129999302327633,3.1306519508361816,0,1
B51,mixamorig_RightHandPinky1,34,0.9984012246131897,-0.056496113538742065,0.0003610331623349339,0,0.0558149628341198,0.9873068928718567,0.14818504452705383,0,-0.008709616959095001,-0.14792999625205994,0.9888843297958374,0,-3.86033296585083,18.534873962402344,-0.06174499914050102,1
B52,mixamorig_RightHandPinky2,51,0.9996994137763977,0.024389469996094704,0.0022865780629217625,0,-0.024358028545975685,0.9798559546470642,0.1981194168329239,0,0.0025957836769521236,-0.19811557233333588,0.9801566004753113,0,-0.0004450000124052167,2.6118130683898926,0,1
B53,mixamorig_RightHandPinky3,52,0.9995946288108826,0.028300726786255836,0.002873893827199936,0,-0.0283084474503994,0.9797521233558655,0.1981087028980255,0,0.0027956883423030376,-0.19811056554317474,0.9801566004753113,0,-0.002633000025525689,2.6172449588775635,0,1
B54,mixamorig_RightHandPinky4,53,1,0,0,0,0,1,0,0,0,0,1,0,0.003077999921515584,1.4579689502716064,0,1
B55,mixamorig_LeftUpLeg,0,-0.9939737915992737,-0.004619864281266928,0.10937755554914474,0,0.021758146584033966,-0.987453818321228,0.1563006192445755,0,0.10727761685848236,0.1577332764863968,0.981606125831604,0,11.340936660766602,-8.033920288085938,0.7622759938240051,1
B56,mixamorig_LeftLeg,55,0.9732972979545593,0.2073669582605362,0.09843827039003372,0,-0.13393385708332062,0.8612920641899109,-0.49012476205825806,0,-0.1864185780286789,0.46385329961776733,0.8660679459571838,0,0,57.28684997558594,0,1
B57,mixamorig_LeftFoot,56,0.9711212515830994,-0.2255556732416153,0.07773084193468094,0,0.024337369948625565,0.41778597235679626,0.908216655254364,0,-0.23732613027095795,-0.8801002502441406,0.4112088978290558,0,0,48.06465530395508,0,1
B58,mixamorig_LeftToeBase,57,0.9924995303153992,0.000055536791478516534,0.12225083261728287,0,-0.08184847235679626,0.7431012392044067,0.6641541719436646,0,-0.0908079668879509,-0.6691792011260986,0.7375322580337524,0,0,23.12114143371582,0,1
B59,mixamorig_LeftToe_End,58,1,0,0,0,0,1,0,0,0,0,1,0,0,9.731877326965332,0,1
B60,mixamorig_RightUpLeg,0,-0.9878056049346924,0.14564891159534454,-0.0549570694565773,0,-0.15567520260810852,-0.9248557090759277,0.3469623029232025,0,-0.0002828626020345837,0.35128992795944214,0.936255931854248,0,-11.340936660766602,-8.033920288085938,0.838018000125885,1
B61,mixamorig_RightLeg,60,0.9991742968559265,-0.00021059263963252306,0.039866164326667786,0,0.023442644625902176,0.8118818998336792,-0.5832933187484741,0,-0.03226379677653313,0.5837849974632263,0.8112634420394897,0,0,57.282989501953125,0,1
B62,mixamorig_RightFoot,61,0.9902641773223877,0.02346188575029373,0.13713516294956207,0,-0.1334238052368164,0.4395468533039093,0.8882511258125305,0,-0.03943962603807449,-0.8979018926620483,0.438408225774765,0,0,48.064659118652344,0,1
B63,mixamorig_RightToeBase,62,0.9925271272659302,-0.00035113978083245456,-0.12202171981334686,0,0.08324328064918518,0.7331140637397766,0.6749921441078186,0,0.08921916037797928,-0.6801060438156128,0.7276650667190552,0,0,23.09688949584961,0,1
B64,mixamorig_RightToe_End,63,1,0,0,0,0,1,0,0,0,0,1,0,0,9.772592544555664,0,1
@52,0,1,2,3,4,5,7,8,9,10,11,12,13,15,16,17,19,20,21,23,24,25,27,28,29,31,32,33,34,35,36,37,39,40,41,43,44,45,47,48,49,51,52,53,55,56,57,58,60,61,62,63
K0.000,0.9737210273742676,0.05629400163888931,0.22067700326442719,0,-0.022129999473690987,0.9877719879150391,-0.15432800352573395,0,-0.22666600346565247,0.14538900554180145,0.9630600214004517,0,0.2775619924068451,119.69046783447266,1.3714909553527832,1,0.9972389936447144,-0.0660490021109581,-0.033952999860048294,0,0.06194800138473511,0.9919760227203369,-0.11020900309085846,0,0.04095999896526337,0.10780200362205505,0.9933279752731323,0,0,14.4847412109375,-1.3792730569839478,1,0.9998570084571838,-0.015998000279068947,-0.005530000198632479,0,0.016651999205350876,0.9882630109786987,0.15185000002384186,0,0.0030360000673681498,-0.15192000567913055,0.9883880019187927,0,0,16.975305557250977,0,1,0.9998589754104614,-0.015433000400662422,-0.006566000171005726,0,0.01625099964439869,0.9882630109786987,0.15189799666404724,0,0.004145000129938126,-0.15198299288749695,0.9883739948272705,0,0,19.400348663330078,0,1,0.9995250105857849,0.011222000233829021,-0.02870599925518036,0,-0.00930699985474348,0.997776985168457,0.06599000096321106,0,0.02938299998641014,-0.0656920000910759,0.9974070191383362,0,0,21.82537841796875,0,1,0.9788569808006287,-0.13550999760627747,-0.15321700274944305,0,0.07993199676275253,0.9429190158843994,-0.32328900694847107,0,0.18828000128269196,0.3042060136795044,0.9338139891624451,0,0,12.570144653320312,13.61905288696289,1,0.11878599971532822,0.020414000377058983,-0.9927099943161011,0,0.9379870295524597,0.32562899589538574,0.11893399804830551,0,0.32568299770355225,-0.9452769756317139,0.01953200064599514,0,11.242671966552734,22.86545181274414,0.06803400069475174,1,0.2605380117893219,0.6125010251998901,-0.7462990283966064,0,0.6391519904136658,0.4699290096759796,0.6088119745254517,0,0.7236049771308899,-0.6356170177459717,-0.26904699206352234,0,0,22.443819046020508,0,1,-0.2929910123348236,0.9470710158348083,0.13119499385356903,0,-0.9495499730110168,-0.30427899956703186,0.07594999670982361,0,0.11185000091791153,-0.1023240014910698,0.9884430170059204,0,0,35.4805908203125,0,1,0.9941679835319519,0.028145000338554382,-0.10410600155591965,0,-0.09899699687957764,0.6210870146751404,-0.777463972568512,0,0.04277700185775757,0.783236026763916,0.6202509999275208,0,0,38.741512298583984,0,1,0.9719589948654175,0.23372100293636322,-0.025885000824928284,0,-0.21961599588394165,0.9415779709815979,0.2553409934043884,0,0.08405199646949768,-0.24249599874019623,0.9665049910545349,0,-3.018354892730713,5.096963882446289,2.0507590770721436,1,0.979548990726471,-0.200313001871109,0.018960999324917793,0,0.20007500052452087,0.9796839952468872,0.013736999593675137,0,-0.021327000111341476,-0.009662000462412834,0.9997259974479675,0,-0.18777699768543243,5.0113630294799805,0,1,0.9824410080909729,0.18657299876213074,-0.0001990000018849969,0,-0.1863899976015091,0.9814289808273315,-0.04534099996089935,0,-0.008263999596238136,0.04458199813961983,0.9989719986915588,0,-0.44544801115989685,5.313197135925293,0,1,0.996878981590271,0.07893700152635574,-0.00088900001719594,0,-0.07889600098133087,0.9958549737930298,-0.04526200145483017,0,-0.002686999971047044,0.045191001147031784,0.9989749789237976,0,-4.094939231872559,16.369335174560547,0.0916140004992485,1,0.999547004699707,-0.029868999496102333,-0.003722999943420291,0,0.029882999137043953,0.9699270129203796,0.24155500531196594,0,-0.0036039999686181545,-0.24155700206756592,0.9703800082206726,0,-0.0014850000152364373,4.605352878570557,0,1,0.9995620250701904,-0.029392000287771225,-0.003541999962180853,0,0.029377000406384468,0.9699419736862183,0.24155700206756592,0,-0.0036639999598264694,-0.24155500531196594,0.9703800082206726,0,-0.000590000010561198,4.394004821777344,0,1,0.9970110058784485,0.07726100087165833,0.0008290000259876251,0,-0.07718899846076965,0.9964460134506226,-0.03371400013566017,0,-0.0034310000482946634,0.033548999577760696,0.9994310140609741,0,-1.3083469867706299,17.373653411865234,-0.20188699662685394,1,0.999517023563385,-0.030825000256299973,-0.003998999949544668,0,0.030841000378131866,0.9674500226974487,0.2511749863624573,0,-0.0038739999290555716,-0.25117701292037964,0.9679329991340637,0,-0.0031129999551922083,4.965199947357178,0,1,0.9994810223579407,-0.03196600079536438,-0.004046999849379063,0,0.03193899989128113,0.9662989974021912,0.25543299317359924,0,-0.004253999795764685,-0.2554300129413605,0.9668179750442505,0,0.0011129999766126275,4.619688034057617,0,1,0.997081995010376,0.07633499801158905,-0.00006900000153109431,0,-0.076323002576828,0.9969040155410767,-0.01891699992120266,0,-0.0013760000001639128,0.018866999074816704,0.9998210072517395,0,1.4420390129089355,17.985288619995117,-0.006310000084340572,1,0.9994379878044128,-0.033222999423742294,-0.004399000201374292,0,0.03319999948143959,0.9636110067367554,0.26524001359939575,0,-0.004573000129312277,-0.2652370035648346,0.9641720056533813,0,0.0013899999903514981,4.215402126312256,0,1,0.9993770122528076,-0.034947000443935394,-0.004854999948292971,0,0.034961998462677,0.9623370170593262,0.26960301399230957,0,-0.004749999847263098,-0.26960399746894836,0.9629589915275574,0,0.0012659999774768949,3.955116033554077,0,1,0.9999939799308777,0.0032470000442117453,0.0011909999884665012,0,-0.003226999891921878,0.9998589754104614,-0.016468999907374382,0,-0.0012440000427886844,0.016465000808238983,0.9998639822006226,0,3.9612460136413574,18.36783790588379,-0.010742999613285065,1,0.9993399977684021,0.03595900163054466,-0.005140999797731638,0,-0.032969001680612564,0.9573000073432922,0.28720998764038086,0,0.015250000171363354,-0.2868509888648987,0.9578539729118347,0,-0.0017379999626427889,2.5612599849700928,0,1,0.9994540214538574,-0.03276300057768822,-0.00431999983265996,0,0.0326710008084774,0.9599230289459229,0.2783539891242981,0,-0.004972999915480614,-0.27834299206733704,0.9604690074920654,0,-0.0013150000013411045,2.4763059616088867,0,1,0.10881199687719345,-0.012645999900996685,0.9939820170402527,0,-0.9898989796638489,0.09003899991512299,0.10951100289821625,0,-0.09088200330734253,-0.9958580136299133,-0.0027209999971091747,0,-11.242671966552734,22.859600067138672,0.12948299944400787,1,0.28893399238586426,-0.03588699921965599,0.9566760063171387,0,-0.8243470191955566,0.49879899621009827,0.26767900586128235,0,-0.48679599165916443,-0.8659740090370178,0.11453700065612793,0,0,22.443819046020508,0,1,-0.5544270277023315,-0.8171870112419128,-0.15752899646759033,0,0.8202810287475586,-0.5685499906539917,0.06237500160932541,0,-0.14053499698638916,-0.09463600069284439,0.9855419993400574,0,0,35.47752380371094,0,1,0.9042530059814453,0.177946999669075,0.38815200328826904,0,-0.13415199518203735,0.9813910126686096,-0.13738900423049927,0,-0.40537700057029724,0.07216300070285797,0.9112970232963562,0,0,38.74174880981445,0,1,0.9905400276184082,-0.13669900596141815,0.012014999985694885,0,0.1268939971923828,0.9457769989967346,0.29900500178337097,0,-0.052237000316381454,-0.29465198516845703,0.9541760087013245,0,3.0820000171661377,5.384641170501709,2.1344919204711914,1,0.9800540208816528,0.1982479989528656,-0.013824000023305416,0,-0.19787800312042236,0.9799240231513977,0.024348000064492226,0,0.018372999504208565,-0.02112700045108795,0.9996079802513123,0,0.18491700291633606,5.245687007904053,0,1,0.9828500151634216,-0.18437300622463226,0.003406000090762973,0,0.18434999883174896,0.9819430112838745,-0.0424560010433197,0,0.004482999909669161,0.04235599935054779,0.9990929961204529,0,0.3563550114631653,5.486905097961426,0,1,0.9974719882011414,-0.07106699794530869,0.00019200000679120421,0,0.07102899998426437,0.9970099925994873,0.030438000336289406,0,-0.002355000004172325,-0.030347000807523727,0.9995369911193848,0,3.9833309650421143,17.095579147338867,0.027233999222517014,1,0.9999169707298279,0.012868000194430351,0.0006830000202171504,0,-0.012866999953985214,0.9941279888153076,0.10744299739599228,0,0.0007040000054985285,-0.10744199901819229,0.9942110180854797,0,0.001171999960206449,4.612405776977539,0,1,0.9998999834060669,0.01411299966275692,0.0007510000141337514,0,-0.014112000353634357,0.9941110014915466,0.10744199901819229,0,0.0007699999841861427,-0.10744199901819229,0.9942110180854797,0,-0.001791000016964972,4.334035873413086,0,1,0.9976999759674072,-0.06777500361204147,-0.0009830000344663858,0,0.06773500144481659,0.9963560104370117,0.05183300003409386,0,-0.002532999962568283,-0.05178000032901764,0.9986550211906433,0,1.399749994277954,18.367910385131836,-0.12174899876117706,1,0.9998840093612671,0.015189999714493752,0.001019999966956675,0,-0.015196000225841999,0.9916160106658936,0.12832599878311157,0,0.0009379999828524888,-0.12832699716091156,0.9917309880256653,0,0.0037819999270141125,4.775865077972412,0,1,0.9998679757118225,0.016210999339818954,0.0009830000344663858,0,-0.01620200090110302,0.9915310144424438,0.1288529932498932,0,0.0011139999842271209,-0.1288509964942932,0.9916629791259766,0,-0.0015650000423192978,4.436820983886719,0,1,0.9978280067443848,-0.06587900221347809,0.00035799999022856355,0,0.0656450018286705,0.9947230219841003,0.0788469985127449,0,-0.005549999885261059,-0.07865200191736221,0.9968870282173157,0,-1.5227470397949219,18.469026565551758,0.01854199916124344,1,0.9998019933700562,0.01986199989914894,0.0014779999619349837,0,-0.01985199935734272,0.9877880215644836,0.15453499555587769,0,0.0016090000281110406,-0.1545339971780777,0.9879860281944275,0,-0.002669000066816807,4.147954940795898,0,1,0.9997779726982117,0.02100900001823902,0.0016799999866634607,0,-0.02101599983870983,0.9877269864082336,0.15476900339126587,0,0.0015920000150799751,-0.15477000176906586,0.987949013710022,0,-0.0011449999874457717,3.8710811138153076,0,1,0.9980469942092896,-0.06247299909591675,-0.00039400000241585076,0,0.062192000448703766,0.9929280281066895,0.10112199932336807,0,-0.005925999954342842,-0.1009489968419075,0.9948740005493164,0,-3.86033296585083,18.534873962402344,-0.06174499914050102,1,0.9997689723968506,0.02142000012099743,0.001744000008329749,0,-0.02139499969780445,0.9843680262565613,0.17482200264930725,0,0.0020280000753700733,-0.1748189926147461,0.9845989942550659,0,-0.0004450000124052167,2.6118130683898926,0,1,0.999675989151001,0.02534399926662445,0.002257999964058399,0,-0.025348000228405,0.9842749834060669,0.17481400072574615,0,0.0022070000413805246,-0.17481400072574615,0.9845989942550659,0,-0.002633000025525689,2.6172449588775635,0,1,-0.9993699789047241,0.009109999984502792,0.03430100157856941,0,-0.006506000179797411,-0.9971420168876648,0.07527299970388412,0,0.03488900139927864,0.0750029981136322,0.9965729713439941,0,11.340936660766602,-8.033920288085938,0.7622759938240051,1,0.9767889976501465,0.21188199520111084,0.03143899887800217,0,-0.12828299403190613,0.6961929798126221,-0.7062990069389343,0,-0.1715400069952011,0.6858729720115662,0.7072150111198425,0,0,57.28684997558594,0,1,0.9803860187530518,-0.1921900063753128,-0.04366299882531166,0,0.08565399795770645,0.21596300601959229,0.9726369976997375,0,-0.17750200629234314,-0.9573000073432922,0.22818900644779205,0,0,48.06465530395508,0,1,0.9924769997596741,0,0.12243200093507767,0,-0.0816970020532608,0.7448019981384277,0.6622650027275085,0,-0.09118799865245819,-0.6672859787940979,0.7391989827156067,0,0,23.12114143371582,0,1,-0.9895449876785278,0.1312599927186966,-0.05975399911403656,0,-0.13801899552345276,-0.9820820093154907,0.12832200527191162,0,-0.04183899983763695,0.1352279931306839,0.9899309873580933,0,-11.340936660766602,-8.033920288085938,0.838018000125885,1,0.9804350137710571,-0.18748100101947784,0.059978000819683075,0,0.1704999953508377,0.6565840244293213,-0.734728991985321,0,0.09836699813604355,0.7305809855461121,0.6757040023803711,0,0,57.282989501953125,0,1,0.9767490029335022,0.14567700028419495,0.15728700160980225,0,-0.18321900069713593,0.186272993683815,0.9652630090713501,0,0.11131799966096878,-0.971638023853302,0.20863300561904907,0,0,48.064659118652344,0,1,0.9924730062484741,-0.00021300000662449747,-0.12246699631214142,0,0.08288200199604034,0.7373660206794739,0.6703900098800659,0,0.09016100317239761,-0.6754940152168274,0.7318329811096191,0,0,23.09688949584961,0,1
K0.033,0.9749270081520081,0.042199864983558655,0.21848705410957336,0,-0.0005067460588179529,0.9822719097137451,-0.1874624490737915,0,-0.22252501547336578,0.18265148997306824,0.9576649069786072,0,0.4883929491043091,118.34508514404297,0.890440821647644,1,0.9974600076675415,-0.05816097557544708,-0.04110901802778244,0,0.054996997117996216,0.9957190155982971,-0.07428749650716782,0,0.04525298997759819,0.07183849066495895,0.9963889718055725,0,0,14.4847412109375,-1.3792730569839478,1,0.999970018863678,-0.00608389126136899,-0.004869979806244373,0,0.006792889442294836,0.9867500066757202,0.16210612654685974,0,0.0038199983537197113,-0.16213512420654297,0.9867609739303589,0,0,16.975305557250977,0,1,0.9999679923057556,-0.005391890648752451,-0.005887981969863176,0,0.006274889688938856,0.9867540001869202,0.16210411489009857,0,0.00493600033223629,-0.16213612258434296,0.9867560267448425,0,0,19.400348663330078,0,1,0.9995740056037903,0.007719024084508419,-0.028153972700238228,0,-0.006184028927236795,0.9985100030899048,0.05422287806868553,0,0.028530972078442574,-0.05402587726712227,0.9981319904327393,0,0,21.82537841796875,0,1,0.9802669882774353,-0.13534197211265564,-0.14408287405967712,0,0.07917597144842148,0.9366639256477356,-0.341164231300354,0,0.18113090097904205,0.3230232298374176,0.9288959503173828,0,0,12.570144653320312,13.61905288696289,1,0.11290595680475235,0.019519994035363197,-0.9934139847755432,0,0.939827024936676,0.3223710358142853,0.11314895749092102,0,0.3224570155143738,-0.9464120268821716,0.018052995204925537,0,11.242671966552734,22.86545181274414,0.06803400069475174,1,0.28064122796058655,0.6168980598449707,-0.7353068590164185,0,0.6055166125297546,0.480611115694046,0.6343212723731995,0,0.744708240032196,-0.6232578754425049,-0.23866261541843414,0,0,22.443819046020508,0,1,-0.292805939912796,0.9471309781074524,0.13117800652980804,0,-0.9496099948883057,-0.3040919303894043,0.07595700025558472,0,0.11183199286460876,-0.10232699662446976,0.988444983959198,0,0,35.4805908203125,0,1,0.9896599650382996,0.0438382662832737,-0.13657328486442566,0,-0.13436539471149445,0.6165709495544434,-0.7757490277290344,0,0.0501999594271183,0.7860780358314514,0.616085946559906,0,0,38.741512298583984,0,1,0.9719589948654175,0.2337220013141632,-0.025884000584483147,0,-0.21961599588394165,0.9415779709815979,0.2553409934043884,0,0.08405099809169769,-0.24249599874019623,0.9665039777755737,0,-3.018354892730713,5.096963882446289,2.0507590770721436,1,0.9795479774475098,-0.200313001871109,0.018959999084472656,0,0.20007500052452087,0.9796839952468872,0.013736999593675137,0,-0.021327000111341476,-0.009662000462412834,0.9997259974479675,0,-0.18777699768543243,5.0113630294799805,0,1,0.9824410080909729,0.18657299876213074,-0.0001990000018849969,0,-0.1863899976015091,0.9814289808273315,-0.04534099996089935,0,-0.008263999596238136,0.04458199813961983,0.9989719986915588,0,-0.44544801115989685,5.313197135925293,0,1,0.9968889951705933,0.0788159966468811,-0.0008839999791234732,0,-0.07877799868583679,0.9959080219268799,-0.04428200051188469,0,-0.0026100000832229853,0.044213999062776566,0.9990190267562866,0,-4.094939231872559,16.369335174560547,0.0916140004992485,1,0.9995459914207458,-0.029913999140262604,-0.003734000027179718,0,0.029928000643849373,0.9698359966278076,0.2419150024652481,0,-0.003616000059992075,-0.24191699922084808,0.9702900052070618,0,-0.0014850000152364373,4.605352878570557,0,1,0.9995599985122681,-0.029436999931931496,-0.00355300004594028,0,0.02942200005054474,0.969851016998291,0.24191699922084808,0,-0.00367600005120039,-0.2419150024652481,0.9702900052070618,0,-0.000590000010561198,4.394004821777344,0,1,0.9970200061798096,0.07713700085878372,0.0008329999982379377,0,-0.0770689994096756,0.9964889883995056,-0.032725997269153595,0,-0.0033539996948093176,0.03256399556994438,0.9994639754295349,0,-1.3083469867706299,17.373653411865234,-0.20188699662685394,1,0.9995149970054626,-0.030869999900460243,-0.004011000040918589,0,0.030887000262737274,0.9673539996147156,0.25154000520706177,0,-0.0038850000128149986,-0.25154200196266174,0.9678390026092529,0,-0.0031129999551922083,4.965199947357178,0,1,0.9994789958000183,-0.032009001821279526,-0.004058000165969133,0,0.031982000917196274,0.9662060141563416,0.2557789981365204,0,-0.004265999887138605,-0.25577598810195923,0.9667270183563232,0,0.0011129999766126275,4.619688034057617,0,1,0.9970920085906982,0.07621099799871445,-0.00006599999323952943,0,-0.07620000094175339,0.9969320297241211,-0.017909996211528778,0,-0.0012989997630938888,0.017862996086478233,0.9998400211334229,0,1.4420390129089355,17.985288619995117,-0.006310000084340572,1,0.9994369745254517,-0.033268000930547714,-0.0044109998270869255,0,0.03324500098824501,0.9635109901428223,0.2655949890613556,0,-0.004585999995470047,-0.2655920088291168,0.9640740156173706,0,0.0013899999903514981,4.215402126312256,0,1,0.9993759989738464,-0.034988999366760254,-0.004867999814450741,0,0.03500400111079216,0.962240993976593,0.26993799209594727,0,-0.0047610001638531685,-0.26993998885154724,0.9628649950027466,0,0.0012659999774768949,3.955116033554077,0,1,0.9999949932098389,0.003117999527603388,0.001118999789468944,0,-0.003099999623373151,0.9998760223388672,-0.01544299628585577,0,-0.0011669996893033385,0.015438996255397797,0.9998800158500671,0,3.9612460136413574,18.36783790588379,-0.010742999613285065,1,0.9993410110473633,0.035916998982429504,-0.005154000129550695,0,-0.032919999212026596,0.9572010040283203,0.28754401206970215,0,0.015261000022292137,-0.28718501329421997,0.9577540159225464,0,-0.0017379999626427889,2.5612599849700928,0,1,0.9994519948959351,-0.03280600160360336,-0.0043310001492500305,0,0.03271299973130226,0.9598240256309509,0.2786889970302582,0,-0.004985000006854534,-0.2786779999732971,0.9603719711303711,0,-0.0013150000013411045,2.4763059616088867,0,1,0.11389502882957458,-0.012641999870538712,0.9934120178222656,0,-0.9899410009384155,0.08303193002939224,0.1145540252327919,0,-0.08393293619155884,-0.9964669942855835,-0.0030580058228224516,0,-11.242671966552734,22.859600067138672,0.12948299944400787,1,0.24459372460842133,0.05049596354365349,0.9683099389076233,0,-0.8616933822631836,0.4692125618457794,0.1931944489479065,0,-0.44458743929862976,-0.8816401362419128,0.1582786589860916,0,0,22.443819046020508,0,1,-0.6230955123901367,-0.764848530292511,-0.16358204185962677,0,0.7680824995040894,-0.637841522693634,0.05662595108151436,0,-0.14765006303787231,-0.09036096185445786,0.9849029779434204,0,0,35.47752380371094,0,1,0.90156090259552,0.1777769923210144,0.39444130659103394,0,-0.15111728012561798,0.9836530089378357,-0.09793233126401901,0,-0.40540313720703125,0.028685227036476135,0.9136879444122314,0,0,38.74174880981445,0,1,0.9905400276184082,-0.13669900596141815,0.012014999985694885,0,0.1268949955701828,0.9457769989967346,0.29900500178337097,0,-0.052237000316381454,-0.29465198516845703,0.9541760087013245,0,3.0820000171661377,5.384641170501709,2.1344919204711914,1,0.9800549745559692,0.1982479989528656,-0.013824000023305416,0,-0.19787800312042236,0.9799240231513977,0.024348000064492226,0,0.018372999504208565,-0.02112700045108795,0.9996079802513123,0,0.18491700291633606,5.245687007904053,0,1,0.9828500151634216,-0.18437300622463226,0.003406000090762973,0,0.18434999883174896,0.9819430112838745,-0.0424560010433197,0,0.004482999909669161,0.04235599935054779,0.9990929961204529,0,0.3563550114631653,5.486905097961426,0,1,0.9975060224533081,-0.07058598101139069,0.0002090009511448443,0,0.0705379769206047,0.9969199895858765,0.03426716849207878,0,-0.0026270116213709116,-0.03416716679930687,0.999413013458252,0,3.9833309650421143,17.095579147338867,0.027233999222517014,1,0.9999139904975891,0.013108010403811932,0.0007070011924952269,0,-0.013107010163366795,0.9939169883728027,0.10934808105230331,0,0.0007300011930055916,-0.10934708267450333,0.9940029978752136,0,0.001171999960206449,4.612405776977539,0,1,0.9998970031738281,0.0143530098721385,0.0007770012016408145,0,-0.014352010563015938,0.9939000010490417,0.10934608429670334,0,0.0007970012375153601,-0.10934608429670334,0.9940029978752136,0,-0.001791000016964972,4.334035873413086,0,1,0.9977260231971741,-0.06739998608827591,-0.0009609990520402789,0,0.06735098361968994,0.9962239861488342,0.05479011312127113,0,-0.002735007554292679,-0.054731111973524094,0.9984970092773438,0,1.399749994277954,18.367910385131836,-0.12174899876117706,1,0.9998810291290283,0.0153840072453022,0.001045000972226262,0,-0.01538900751620531,0.9914150238037109,0.12984205782413483,0,0.0009620009222999215,-0.12984305620193481,0.9915339946746826,0,0.0037819999270141125,4.775865077972412,0,1,0.9998649954795837,0.016397006809711456,0.0010070009157061577,0,-0.01638900674879551,0.9913370013237,0.13031406700611115,0,0.001139000989496708,-0.13031305372714996,0.9914720058441162,0,-0.0015650000423192978,4.436820983886719,0,1,0.9978430271148682,-0.06563999503850937,0.00037500043981708586,0,0.06539499014616013,0.9945870041847229,0.08074604719877243,0,-0.005674002692103386,-0.08054804801940918,0.9967349767684937,0,-1.5227470397949219,18.469026565551758,0.01854199916124344,1,0.9997990131378174,0.019985003396868706,0.0014970004558563232,0,-0.019975002855062485,0.9876329898834229,0.15550701320171356,0,0.0016290004132315516,-0.15550601482391357,0.9878339767456055,0,-0.002669000066816807,4.147954940795898,0,1,0.9997749924659729,0.0211270023137331,0.0016990004805848002,0,-0.02113400213420391,0.9875770211219788,0.15570701658725739,0,0.001612000516615808,-0.15570701658725739,0.9878020286560059,0,-0.0011449999874457717,3.8710811138153076,0,1,0.9980549812316895,-0.06233900040388107,-0.0003800001577474177,0,0.06205099821090698,0.9928280115127563,0.10218499600887299,0,-0.005992999766021967,-0.10200998932123184,0.9947649836540222,0,-3.86033296585083,18.534873962402344,-0.06174499914050102,1,0.9997680187225342,0.021486999467015266,0.001755999866873026,0,-0.021462000906467438,0.9842730164527893,0.17534799873828888,0,0.0020399997010827065,-0.17534500360488892,0.9845049977302551,0,-0.0004450000124052167,2.6118130683898926,0,1,0.9996749758720398,0.025411000475287437,0.0022709998302161694,0,-0.025414999574422836,0.9841799736022949,0.1753389984369278,0,0.002219999674707651,-0.17533999681472778,0.9845049977302551,0,-0.002633000025525689,2.6172449588775635,0,1,-0.9985249638557434,-0.01143723726272583,0.053070396184921265,0,0.015151243656873703,-0.9974240064620972,0.0701177567243576,0,0.05213138833642006,0.07081878185272217,0.9961259961128235,0,11.340936660766602,-8.033920288085938,0.7622759938240051,1,0.9743729829788208,0.22405612468719482,0.01991981640458107,0,-0.13307711482048035,0.6455795764923096,-0.7520092725753784,0,-0.18135204911231995,0.7300863265991211,0.6588516235351562,0,0,57.28684997558594,0,1,0.9787690043449402,-0.1910349279642105,-0.07427534461021423,0,0.10902127623558044,0.17835770547389984,0.9779070019721985,0,-0.17356690764427185,-0.9652430415153503,0.19539774954319,0,0,48.06465530395508,0,1,0.9924769997596741,0,0.12243200093507767,0,-0.0816970020532608,0.7448040246963501,0.6622639894485474,0,-0.09118799865245819,-0.6672840118408203,0.7391999959945679,0,0,23.12114143371582,0,1,-0.9919599890708923,0.11453580856323242,-0.05382002517580986,0,-0.12002880126237869,-0.9862790703773499,0.11334269493818283,0,-0.04010007902979851,0.11889069527387619,0.992097020149231,0,-11.340936660766602,-8.033920288085938,0.838018000125885,1,0.9778659343719482,-0.19766412675380707,0.06860224902629852,0,0.17860624194145203,0.6178066730499268,-0.7657771706581116,0,0.10898401588201523,0.7610811591148376,0.6394357681274414,0,0,57.282989501953125,0,1,0.975492000579834,0.15316511690616608,0.15797501802444458,0,-0.1822589933872223,0.16021683812141418,0.9701089859008789,0,0.12327714264392853,-0.9751260280609131,0.18420584499835968,0,0,48.064659118652344,0,1,0.9924839735031128,-0.00024100160226225853,-0.12237599492073059,0,0.08295700699090958,0.7364949584007263,0.6713370680809021,0,0.08996699005365372,-0.6764430403709412,0.7309789657592773,0,0,23.09688949584961,0,1
