5.333,30,159,65
B0,mixamorig_Hips,-1,0.9975603818893433,-0.012011300772428513,0.0687558725476265,0,0.024981709197163582,0.981264054775238,-0.1910407543182373,0,-0.06517321616411209,0.19229209423065186,0.9791699647903442,0,-0.14202743768692017,113.69271087646484,-0.07790486514568329,1
B1,mixamorig_Spine,0,0.9995719790458679,0.008085805922746658,-0.02812534011900425,0,-0.009531618095934391,0.9986187219619751,-0.051675986498594284,0,0.027668695896863937,0.0519217923283577,0.9982680678367615,0,0,16.14203643798828,-1.8767130374908447,1
B2,mixamorig_Spine1,1,0.9998812675476074,0.00379839725792408,-0.01492579746991396,0,-0.0006545197102241218,0.9787092804908752,0.20524948835372925,0,0.015387682244181633,-0.20521600544452667,0.978595495223999,0,0,18.959218978881836,0,1
B3,mixamorig_Spine2,2,0.9998881220817566,0.004629635252058506,-0.014256845228374004,0,0.0013505741953849792,0.9194118976593018,0.39329400658607483,0,0.014928328804671764,-0.3932686448097229,0.9193021059036255,0,0,21.667678833007812,0,1
B4,mixamorig_Neck,3,0.9986467957496643,-0.051433444023132324,-0.0076921842992305756,0,0.048150599002838135,0.9703414440155029,-0.23689498007297516,0,0.01964847557246685,0.23620475828647614,0.9715045094490051,0,0,24.376136779785156,0.0000019999999949504854,1
B5,mixamorig_Head,4,0.9976007342338562,-0.018633490428328514,0.06663800030946732,0,0.025880912318825722,0.9936429858207703,-0.10952138155698776,0,-0.06417655944824219,0.11098186671733856,0.991741955280304,0,0,4.654387950897217,-0.0036849998869001865,1
B6,mixamorig_HeadTop_End,5,1,0,0,0,0,1,0,0,0,0,1,0,0,50.49127197265625,-0.03997400030493736,1
B7,mixamorig_LeftShoulder,3,-0.25167742371559143,0.09623714536428452,-0.9630143642425537,0,0.8469531536102295,-0.45959803462028503,-0.2672760486602783,0,-0.4683212637901306,-0.8828957080841064,0.03416251391172409,0,13.870368957519531,20.356922149658203,-0.8333470225334167,1
B8,mixamorig_LeftArm,7,0.9548472762107849,0.2118113785982132,0.20826412737369537,0,-0.2969050407409668,0.7022969126701355,0.6469921469688416,0,-0.009224401786923409,-0.6796363592147827,0.7334897518157959,0,0,27.129404067993164,0,1
B9,mixamorig_LeftForeArm,8,0.6441898941993713,0.7631717324256897,0.05044759064912796,0,-0.7631417512893677,0.6369733214378357,0.10878929495811462,0,0.05089711397886276,-0.10857994109392166,0.9927833080291748,0,0,44.96103286743164,0,1
B10,mixamorig_LeftHand,9,0.8986604809761047,-0.40669289231300354,-0.16429577767848969,0,0.4371952414512634,0.8002309799194336,0.4104529023170471,0,-0.035465579479932785,-0.4406954050064087,0.8969497084617615,0,0,32.85053253173828,0,1
B11,mixamorig_LeftHandThumb1,10,0.9407209753990173,0.3221549987792969,-0.10611599683761597,0,-0.21458800137043,0.8075690269470215,0.5493490099906921,0,0.2626720070838928,-0.4940119981765747,0.828827977180481,0,-5.311360836029053,4.087009906768799,3.460880994796753,1
B12,mixamorig_LeftHandThumb2,11,0.9358850121498108,-0.2810809910297394,0.21239900588989258,0,0.30865100026130676,0.9448360204696655,-0.10963500291109085,0,-0.16986599564552307,0.168163001537323,0.9710130095481873,0,-2.051815986633301,5.674567222595215,0,1
B13,mixamorig_LeftHandThumb3,12,0.9540950059890747,0.29945799708366394,-0.005162999965250492,0,-0.2864620089530945,0.907384991645813,-0.3075590133666992,0,-0.08741600066423416,0.29491913318634033,0.9515150189399719,0,0.43756699562072754,5.560029029846191,0,1
B14,mixamorig_LeftHandThumb4,13,1,0,0,0,0,1,0,0,0,0,1,0,1.6142499446868896,3.0272490978240967,0,1
B15,mixamorig_LeftHandIndex1,10,0.9054299592971802,0.3594323992729187,-0.2258402705192566,0,-0.38259756565093994,0.9214513897895813,-0.06737186014652252,0,0.18388453125953674,0.14740630984306335,0.9718283414840698,0,-7.1596879959106445,19.600860595703125,0.11118700355291367,1
B16,mixamorig_LeftHandIndex2,15,0.9978188276290894,-0.062415506690740585,-0.021471550688147545,0,0.06261981278657913,0.7923270463943481,0.606845498085022,0,-0.020867763087153435,-0.6068665981292725,0.7945073246955872,0,-0.0029460000805556774,3.5149049758911133,0,1
B17,mixamorig_LeftHandIndex3,16,0.998833179473877,-0.04698449745774269,-0.011181121692061424,0,0.0466892346739769,0.8801494836807251,0.47235754132270813,0,-0.012356458231806755,-0.4723283052444458,0.8813161849975586,0,-0.000805000017862767,2.933371067047119,0,1
B18,mixamorig_LeftHandIndex4,17,1,0,0,0,0,1,0,0,0,0,1,0,0.0037509999237954617,1.7877789735794067,0,1
B19,mixamorig_LeftHandMiddle1,10,0.9932000637054443,0.11349688470363617,-0.025921743363142014,0,-0.11045992374420166,0.9890244603157043,0.09809080511331558,0,0.03676998242735863,-0.09456071257591248,0.9948355555534363,0,-2.9414620399475098,18.301010131835938,0.43834999203681946,1
B20,mixamorig_LeftHandMiddle2,19,0.9972577691078186,-0.06914220750331879,-0.026378275826573372,0,0.06970749795436859,0.7580024003982544,0.6484864950180054,0,-0.02484619989991188,-0.6485469937324524,0.7607436776161194,0,0.009643999859690666,4.193960189819336,0,1
B21,mixamorig_LeftHandMiddle3,20,0.9994708299636841,-0.03165747970342636,-0.007402847521007061,0,0.03166323900222778,0.8961741328239441,0.44252777099609375,0,-0.007378919515758753,-0.44252777099609375,0.8967025279998779,0,-0.023019999265670776,4.111331939697266,0,1
B22,mixamorig_LeftHandMiddle4,21,1,0,0,0,0,1,0,0,0,0,1,0,0.013376000337302685,2.216464042663574,0,1
B23,mixamorig_LeftHandRing1,10,0.9993129372596741,0.0009882570011541247,-0.03703762963414192,0,0.010013717226684093,0.9552400708198547,0.29564979672431946,0,0.035671576857566833,-0.2958182096481323,0.9545749425888062,0,2.900629997253418,14.471482276916504,-0.02422099933028221,1
B24,mixamorig_LeftHandRing2,23,0.996967613697052,-0.07144089043140411,-0.030855169519782066,0,0.0728088766336441,0.7163650989532471,0.6938917636871338,0,-0.027472876012325287,-0.6940346360206604,0.7193944454193115,0,-0.042424000799655914,5.0822978019714355,0,1
B25,mixamorig_LeftHandRing3,24,0.998565137386322,-0.051980845630168915,-0.012845194898545742,0,0.0514913871884346,0.8664848208427429,0.496507853269577,0,-0.014682663604617119,-0.49645692110061646,0.8679186701774597,0,0.013402000069618225,5.235895156860352,0,1
B26,mixamorig_LeftHandRing4,25,1,0,0,0,0,1,0,0,0,0,1,0,0.029021000489592552,3.182687997817993,0,1
B27,mixamorig_LeftHandPinky1,10,0.9567959904670715,-0.29033249616622925,-0.015740692615509033,0,0.26860812306404114,0.8618820309638977,0.4301208555698395,0,-0.11131231486797333,-0.4157658815383911,0.9026315212249756,0,7.20051908493042,14.379316329956055,-0.078404001891613,1
B28,mixamorig_LeftHandPinky2,27,0.9945572018623352,-0.09662405401468277,-0.038975607603788376,0,0.09466665983200073,0.6818132996559143,0.7253600358963013,0,-0.043515920639038086,-0.7251020669937134,0.687250018119812,0,0.025794999673962593,4.166009902954102,0,1
B29,mixamorig_LeftHandPinky3,28,0.9966956973075867,-0.0776272565126419,-0.023891879245638847,0,0.07832124829292297,0.8406974673271179,0.5357915163040161,0,-0.021508341655135155,-0.5358925461769104,0.8439998030662537,0,-0.0014619999565184116,3.938528060913086,0,1
B30,mixamorig_LeftHandPinky4,29,1,0,0,0,0,1,0,0,0,0,1,0,-0.02433199994266033,2.0223209857940674,0,1
B31,mixamorig_RightShoulder,3,-0.16523687541484833,-0.05869603157043457,0.9845055341720581,0,-0.869622528553009,-0.46222180128097534,-0.173512801527977,0,0.4652445912361145,-0.8848193287849426,0.02533353678882122,0,-13.870368957519531,20.272939682006836,-0.1109829992055893,1
B32,mixamorig_RightArm,31,0.9755435585975647,-0.17488017678260803,-0.13310161232948303,0,0.219545379281044,0.7478660941123962,0.6264888644218445,0,-0.010021527297794819,-0.6403992772102356,0.7679713368415833,0,0,27.129404067993164,0,1
B33,mixamorig_RightForeArm,32,0.6265830397605896,-0.7782180905342102,-0.04190080612897873,0,0.778097927570343,0.6216360330581665,0.09009252488613129,0,-0.044066376984119415,-0.08905333280563354,0.9950510859489441,0,0,44.95357894897461,0,1
B34,mixamorig_RightHand,33,0.9827355742454529,0.1799602210521698,0.042823366820812225,0,-0.184633269906044,0.9399587512016296,0.2870043218135834,0,0.011405647732317448,-0.2899569272994995,0.9569683074951172,0,0,32.87995910644531,0,1
B35,mixamorig_RightHandThumb1,34,0.8900439739227295,-0.4464559853076935,0.09218300133943558,0,0.34147199988365173,0.7868840098381042,0.5140140056610107,0,-0.3020220100879669,-0.42601698637008667,0.8528140187263489,0,5.030203819274902,3.8169620037078857,2.449800968170166,1
B36,mixamorig_RightHandThumb2,35,0.8631470203399658,0.44962701201438904,-0.22980999946594238,0,-0.4713059961795807,0.8807129859924316,-0.04705600067973137,0,0.1812400072813034,0.1489270031452179,0.9720969796180725,0,1.2778819799423218,5.265562057495117,0,1
B37,mixamorig_RightHandThumb3,36,0.9933239817619324,0.09110300242900848,-0.07076399773359299,0,-0.10735499858856201,0.9545469880104065,-0.2780570089817047,0,0.04221599921584129,0.2837980091571808,0.9579539895057678,0,-0.323309987783432,6.633784770965576,0,1
B38,mixamorig_RightHandThumb4,37,1,0,0,0,0,1,0,0,0,0,1,0,-0.9545720219612122,4.97247314453125,0,1
B39,mixamorig_RightHandIndex1,34,0.9247214794158936,-0.3089984059333801,0.22228272259235382,0,0.31625819206237793,0.9486628174781799,0.003082145471125841,0,-0.2118227779865265,0.0674477145075798,0.9749723672866821,0,7.580634117126465,19.395544052124023,0.2081100046634674,1
B40,mixamorig_RightHandIndex2,39,0.9982181191444397,0.055965568870306015,0.02070675417780876,0,-0.05590344965457916,0.7556610703468323,0.6525668501853943,0,0.020873872563242912,-0.6525618433952332,0.7574429512023926,0,0.00016799999866634607,3.284113883972168,0,1
B41,mixamorig_RightHandIndex3,40,0.9992159008979797,0.03856825828552246,0.008944508619606495,0,-0.038588374853134155,0.8981652855873108,0.4379599094390869,0,0.008857508189976215,-0.4379619061946869,0.8989493250846863,0,-0.0010779999429360032,3.6350820064544678,0,1
B42,mixamorig_RightHandIndex4,41,1,0,0,0,0,1,0,0,0,0,1,0,0.0009110000100918114,1.6013610363006592,0,1
B43,mixamorig_RightHandMiddle1,34,0.9976206421852112,-0.06888085603713989,0.002770223654806614,0,0.06718815863132477,0.9805265665054321,0.18452027440071106,0,-0.015425490215420723,-0.18389560282230377,0.9828222393989563,0,2.38134503364563,18.772563934326172,-0.21081799268722534,1
B44,mixamorig_RightHandMiddle2,43,0.9980034232139587,0.05883371829986572,0.022983266040682793,0,-0.05904107913374901,0.7396246194839478,0.6704228520393372,0,0.022444909438490868,-0.6704410314559937,0.741621196269989,0,0.0011409999569877982,4.2474799156188965,0,1
B45,mixamorig_RightHandMiddle3,44,0.9995374083518982,0.029940465465188026,0.005312909372150898,0,-0.029812347143888474,0.9304230809211731,0.36527130007743835,0,0.00599302863702178,-0.3652613162994385,0.9308856725692749,0,0.0024979999288916588,4.17780876159668,0,1
B46,mixamorig_RightHandMiddle4,45,1,0,0,0,0,1,0,0,0,0,1,0,-0.003640000009909272,2.2709290981292725,0,1
B47,mixamorig_RightHandRing1,34,0.9992354512214661,0.017065415158867836,0.035167574882507324,0,-0.02885092981159687,0.9290017485618591,0.3689466714859009,0,-0.026374513283371925,-0.36967921257019043,0.9287843704223633,0,-2.799705982208252,14.989177703857422,-0.13555499911308289,1
B48,mixamorig_RightHandRing2,47,0.9977713227272034,0.06267272680997849,0.022885821759700775,0,-0.06144353747367859,0.729404091835022,0.6813172101974487,0,0.02600713260471821,-0.6812050938606262,0.7316297292709351,0,-0.018492000177502632,4.854349136352539,0,1
B49,mixamorig_RightHandRing3,48,0.9991446137428284,0.04055146127939224,0.008111169561743736,0,-0.040679577738046646,0.9284421801567078,0.36924201250076294,0,0.00744269322603941,-0.36925598978996277,0.929297685623169,0,-0.006572999991476536,5.488811016082764,0,1
B50,mixamorig_RightHandRing4,49,1,0,0,0,0,1,0,0,0,0,1,0,0.025064000859856606,3.4944729804992676,0,1
B51,mixamorig_RightHandPinky1,34,0.9491100311279297,0.31493479013442993,0.0024287833366543055,0,-0.2745407223701477,0.8235487341880798,0.4963822364807129,0,0.1543281227350235,-0.47178804874420166,0.8681005239486694,0,-7.162271976470947,14.392669677734375,0.10777299851179123,1
B52,mixamorig_RightHandPinky2,51,0.9976043701171875,0.06522846966981888,0.02305683121085167,0,-0.06336171180009842,0.7276061177253723,0.6830622553825378,0,0.027778591960668564,-0.6828871369361877,0.729995608329773,0,-0.026340000331401825,4.89473295211792,0,1
B53,mixamorig_RightHandPinky3,52,0.9986551403999329,0.05135197192430496,0.00711480900645256,0,-0.05033109337091446,0.9274876117706299,0.3704506754875183,0,0.012424166314303875,-0.3703106641769409,0.9288246035575867,0,-0.005539999809116125,3.8266239166259766,0,1
B54,mixamorig_RightHandPinky4,53,1,0,0,0,0,1,0,0,0,0,1,0,0.03187999874353409,1.9974499940872192,0,1
B55,mixamorig_LeftUpLeg,0,-0.930535614490509,-0.26556652784347534,0.2521373927593231,0,0.26131296157836914,-0.9639096260070801,-0.05086154118180275,0,0.2565416693687439,0.018560027703642845,0.9663515686988831,0,20.636627197265625,-8.991806030273438,0.20456600189208984,1
B56,mixamorig_LeftLeg,55,0.9983294606208801,-0.03252873942255974,-0.04750135913491249,0,0.006782437674701214,0.8858574628829956,-0.4638948440551758,0,0.057175442576408386,0.46279197931289673,0.8846096992492676,0,0,53.666446685791016,0,1
B57,mixamorig_LeftFoot,56,0.9823591113090515,-0.1609422266483307,-0.0951884314417839,0,0.15331104397773743,0.4018188714981079,0.9027926921844482,0,-0.10704749822616577,-0.9014608860015869,0.4194088280200958,0,0,37.92011260986328,0,1
B58,mixamorig_LeftToeBase,57,0.9999390244483948,0,0.011060000397264957,0,-0.007319999858736992,0.7496201395988464,0.6618278622627258,0,-0.008290999568998814,-0.6618688702583313,0.7495741248130798,0,0,26.28699493408203,-9.999999974752427e-7,1
B59,mixamorig_LeftToe_End,58,1,0,0,0,0,1,0,0,0,0,1,0,0,12.405267715454102,0,1
B60,mixamorig_RightUpLeg,0,-0.9630594253540039,0.1780817210674286,-0.20199596881866455,0,-0.1922117918729782,-0.979948878288269,0.052482396364212036,0,-0.1885991394519806,0.08936984837055206,0.9779793620109558,0,-20.636627197265625,-8.991806030273438,0.5345810055732727,1
B61,mixamorig_RightLeg,60,0.9960859417915344,0.023473422974348068,0.08520477265119553,0,0.026145564392209053,0.8426575660705566,-0.5378139019012451,0,-0.08442313224077225,0.5379362106323242,0.8387460112571716,0,0,53.68657684326172,0,1
B62,mixamorig_RightFoot,61,0.9659537672996521,0.2424420565366745,0.09030362963676453,0,-0.17921365797519684,0.3753015100955963,0.9094126224517822,0,0.18658848106861115,-0.8946345448493958,0.4059731364250183,0,0,37.9193115234375,0,1
B63,mixamorig_RightToeBase,62,0.9999549984931946,-0.0008078086539171636,-0.009437906555831432,0,0.006995119154453278,0.7348815202713013,0.6781595349311829,0,0.006387501955032349,-0.6781945824623108,0.734854519367218,0,0,26.3236141204834,9.999999974752427e-7,1
B64,mixamorig_RightToe_End,63,1,0,0,0,0,1,0,0,0,0,1,0,0,12.430206298828125,0,1
@52,0,1,2,3,4,5,7,8,9,10,11,12,13,15,16,17,19,20,21,23,24,25,27,28,29,31,32,33,34,35,36,37,39,40,41,43,44,45,47,48,49,51,52,53,55,56,57,58,60,61,62,63
K0.000,0.9974319934844971,-0.008457000367343426,0.07112500071525574,0,0.0228240005671978,0.978767991065979,-0.20369599759578705,0,-0.06789200007915497,0.20479600131511688,0.9764469861984253,0,0.09030699729919434,113.0052261352539,-1.2056809663772583,1,0.99965900182724,0.011851999908685684,-0.023284999653697014,0,-0.012486999854445457,0.9995480179786682,-0.02734999917447567,0,0.022949999198317528,0.02763199992477894,0.9993550181388855,0,0,16.14203643798828,-1.8767130374908447,1,0.9999300241470337,0.0003349999897181988,-0.01183599978685379,0,0.002308000111952424,0.9749190211296082,0.22254900634288788,0,0.011614000424742699,-0.22256100177764893,0.9748499989509583,0,0,18.959218978881836,0,1,0.9999380111694336,0.0005590000073425472,-0.011160999536514282,0,0.0040259999223053455,0.9136840105056763,0.4064059853553772,0,0.010424000211060047,-0.40642499923706055,0.9136239886283875,0,0,21.667678833007812,0,1,0.9977909922599792,-0.06229399889707565,-0.023058999329805374,0,0.05766800045967102,0.9846600294113159,-0.1646769940853119,0,0.03296399861574173,0.1629830002784729,0.9860780239105225,0,0,24.376136779785156,0.0000019999999949504854,1,0.9994879961013794,0.004660000093281269,0.03165699914097786,0,0.00165200000628829,0.9805070161819458,-0.1964769959449768,0,-0.03195599839091301,0.19642899930477142,0.9799969792366028,0,0,4.654387950897217,-0.0036849998869001865,1,-0.12908700108528137,0.11632300168275833,-0.9847869873046875,0,0.823045015335083,-0.5413600206375122,-0.17183099687099457,0,-0.5531119704246521,-0.8327059745788574,-0.025855999439954758,0,13.870368957519531,20.356922149658203,-0.8333470225334167,1,0.9176779985427856,0.19187100231647491,0.34792599081993103,0,-0.3786500096321106,0.6876310110092163,0.6195060014724731,0,-0.12037999927997589,-0.7002490162849426,0.7036759853363037,0,0,27.129404067993164,0,1,0.7849519848823547,0.6188110113143921,0.030381999909877777,0,-0.6187869906425476,0.7805899977684021,0.08821099996566772,0,0.030869999900460243,-0.08804100006818771,0.9956380128860474,0,0,44.96103286743164,0,1,0.9549700021743774,-0.2605380117893219,-0.14195699989795685,0,0.28591498732566833,0.9359229803085327,0.2056729942560196,0,0.07927600294351578,-0.2369990050792694,0.9682700037956238,0,0,32.85053253173828,0,1,0.9407209753990173,0.3221549987792969,-0.10611599683761597,0,-0.21458899974822998,0.8075690269470215,0.5493490099906921,0,0.2626720070838928,-0.4940119981765747,0.828827977180481,0,-5.311360836029053,4.087009906768799,3.460880994796753,1,0.9358850121498108,-0.2810809910297394,0.21239900588989258,0,0.30865100026130676,0.9448360204696655,-0.10963500291109085,0,-0.16986599564552307,0.168163001537323,0.9710130095481873,0,-2.051815986633301,5.674567222595215,0,1,0.9540950059890747,0.2994590103626251,-0.005162999965250492,0,-0.2864620089530945,0.907384991645813,-0.3075590133666992,0,-0.08741600066423416,0.2949190139770508,0.9515150189399719,0,0.43756699562072754,5.560029029846191,0,1,0.9038429856300354,0.36320599913597107,-0.22616200149059296,0,-0.39328598976135254,0.9134200215339661,-0.10482999682426453,0,0.16850599646568298,0.18369600176811218,0.9684320092201233,0,-7.1596879959106445,19.600860595703125,0.11118700355291367,1,0.9983519911766052,-0.055027998983860016,-0.01627800054848194,0,0.05517999827861786,0.8426719903945923,0.5355920195579529,0,-0.015755999833345413,-0.5356069803237915,0.8443199992179871,0,-0.0029460000805556774,3.5149049758911133,0,1,0.9992210268974304,-0.0387520007789135,-0.0074189999140799046,0,0.03853899985551834,0.9183139801025391,0.3939729928970337,0,-0.008454999886453152,-0.39395201206207275,0.9190919995307922,0,-0.000805000017862767,2.933371067047119,0,1,0.9924920201301575,0.11958800256252289,-0.025659000501036644,0,-0.11867299675941467,0.992330014705658,0.03462100028991699,0,0.029603000730276108,-0.03131600096821785,0.9990710020065308,0,-2.9414620399475098,18.301010131835938,0.43834999203681946,1,0.9981160163879395,-0.05873899906873703,-0.01769999973475933,0,0.05906800180673599,0.8422290086746216,0.5358750224113464,0,-0.016568999737501144,-0.5359110236167908,0.844111979007721,0,0.009643999859690666,4.193960189819336,0,1,0.9998180270195007,-0.018813999369740486,-0.003063000040128827,0,0.018828000873327255,0.9496729969978333,0.31267499923706055,0,-0.002974000060930848,-0.31267601251602173,0.9498550295829773,0,-0.023019999265670776,4.111331939697266,0,1,0.9996070265769958,0.008927999995648861,-0.02655700035393238,0,-0.0032099999953061342,0.9781259894371033,0.20799100399017334,0,0.0278329998254776,-0.2078240066766739,0.9777699708938599,0,2.900629997253418,14.471482276916504,-0.02422099933028221,1,0.9984899759292603,-0.05239899829030037,-0.016512999311089516,0,0.05310000106692314,0.8433070182800293,0.5348020195960999,0,-0.014097999781370163,-0.534870982170105,0.8448160290718079,0,-0.042424000799655914,5.0822978019714355,0,1,0.9995390176773071,-0.029927000403404236,-0.0050409999676048756,0,0.03000600077211857,0.9496110081672668,0.31199198961257935,0,-0.004550000187009573,-0.31199899315834045,0.9500709772109985,0,0.013402000069618225,5.235895156860352,0,1,0.9606239795684814,-0.277631014585495,-0.01107299979776144,0,0.26597899198532104,0.9073209762573242,0.32561299204826355,0,-0.0803539976477623,-0.3157370090484619,0.945438027381897,0,7.20051908493042,14.379316329956055,-0.078404001891613,1,0.9971500039100647,-0.07294099777936935,-0.019277000799775124,0,0.07193800061941147,0.8422250151634216,0.5343049764633179,0,-0.022738000378012657,-0.5341690182685852,0.8450719714164734,0,0.025794999673962593,4.166009902954102,0,1,0.9986940026283264,-0.05050399899482727,-0.00774300005286932,0,0.05040000006556511,0.9488739967346191,0.3116050064563751,0,-0.008390000090003014,-0.31158798933029175,0.9501799941062927,0,-0.0014619999565184116,3.938528060913086,0,1,-0.03971099853515625,-0.08385299891233444,0.9956870079040527,0,-0.8472800254821777,-0.5253829956054688,-0.07803799957036972,0,0.5296599864959717,-0.8467239737510681,-0.050182998180389404,0,-13.870368957519531,20.272939682006836,-0.1109829992055893,1,0.9434660077095032,-0.1944199949502945,-0.26846399903297424,0,0.32322999835014343,0.7190880179405212,0.6151700019836426,0,0.07344800233840942,-0.6671680212020874,0.7412769794464111,0,0,27.129404067993164,0,1,0.8110610246658325,-0.5846009850502014,-0.020540999248623848,0,0.5845109820365906,0.8085579872131348,0.06767799705266953,0,-0.02295600064098835,-0.06689699739217758,0.9974960088729858,0,0,44.95357894897461,0,1,0.969855010509491,0.06593699753284454,0.234592005610466,0,-0.10166499763727188,0.9843969941139221,0.14361999928951263,0,-0.22146199643611908,-0.16313999891281128,0.9614260196685791,0,0,32.87995910644531,0,1,0.8900439739227295,-0.4464559853076935,0.09218399971723557,0,0.34147199988365173,0.7868840098381042,0.5140140056610107,0,-0.3020220100879669,-0.42601698637008667,0.8528140187263489,0,5.030203819274902,3.8169620037078857,2.449800968170166,1,0.8631470203399658,0.44962701201438904,-0.22980999946594238,0,-0.47130700945854187,0.8807129859924316,-0.04705600067973137,0,0.18123899400234222,0.1489270031452179,0.9720969796180725,0,1.2778819799423218,5.265562057495117,0,1,0.9933239817619324,0.09110300242900848,-0.07076399773359299,0,-0.10735499858856201,0.9545469880104065,-0.2780570089817047,0,0.04221599921584129,0.2837980091571808,0.9579539895057678,0,-0.323309987783432,6.633784770965576,0,1,0.9197670221328735,-0.3226720094680786,0.22340700030326843,0,0.3608520030975342,0.9191219806671143,-0.15811899304389954,0,-0.1543170064687729,0.22604900598526,0.9618149995803833,0,7.580634117126465,19.395544052124023,0.2081100046634674,1,0.9988560080528259,0.04592499881982803,0.013292999938130379,0,-0.04588399827480316,0.8427129983901978,0.536404013633728,0,0.013431999832391739,-0.5364000201225281,0.8438569903373718,0,0.00016799999866634607,3.284113883972168,0,1,0.9993669986724854,0.03482599928975105,0.007199999876320362,0,-0.03484199941158295,0.918267011642456,0.39442598819732666,0,0.00712500000372529,-0.39442700147628784,0.9189000129699707,0,-0.0010779999429360032,3.6350820064544678,0,1,0.9962949752807617,-0.08599600195884705,0.0012229999992996454,0,0.08600500226020813,0.9962249994277954,-0.011788999661803246,0,-0.00020399999630171806,0.011850000359117985,0.9999300241470337,0,2.38134503364563,18.772563934326172,-0.21081799268722534,1,0.9987900257110596,0.04716600105166435,0.013957000337541103,0,-0.04728899896144867,0.8426700234413147,0.5363500118255615,0,0.013535999692976475,-0.5363609790802002,0.8438799977302551,0,0.0011409999569877982,4.2474799156188965,0,1,0.9996730089187622,0.0253090001642704,0.003737000050023198,0,-0.0252080000936985,0.9494940042495728,0.3127720057964325,0,0.0043680001981556416,-0.3127639889717102,0.9498209953308105,0,0.0024979999288916588,4.17780876159668,0,1,0.999871015548706,0.0053159999661147594,0.015185999684035778,0,-0.00776899978518486,0.9860399961471558,0.16632699966430664,0,-0.014089999720454216,-0.1664240062236786,0.9859539866447449,0,-2.799705982208252,14.989177703857422,-0.13555499911308289,1,0.9986699819564819,0.04983200132846832,0.013217000290751457,0,-0.049139998853206635,0.8425359725952148,0.5363940000534058,0,0.015592999756336212,-0.536329984664917,0.8438640236854553,0,-0.018492000177502632,4.854349136352539,0,1,0.9993450045585632,0.03569899871945381,0.005888000130653381,0,-0.03574899956583977,0.9491659998893738,0.3127390146255493,0,0.005574999842792749,-0.31274500489234924,0.9498209953308105,0,-0.006572999991476536,5.488811016082764,0,1,0.9546800255775452,0.2976059913635254,-0.004224999807775021,0,-0.28294000029563904,0.9118580222129822,0.29742300510406494,0,0.09236700087785721,-0.2827480137348175,0.9547359943389893,0,-7.162271976470947,14.392669677734375,0.10777299851179123,1,0.9985610246658325,0.05199100077152252,0.013113000430166721,0,-0.050905998796224594,0.8424199819564819,0.5364109873771667,0,0.01684200018644333,-0.5363069772720337,0.8438550233840942,0,-0.026340000331401825,4.89473295211792,0,1,0.9989219903945923,0.046220000833272934,0.004201999865472317,0,-0.045214999467134476,0.9487640261650085,0.312734991312027,0,0.01046799961477518,-0.31258800625801086,0.9498310089111328,0,-0.005539999809116125,3.8266239166259766,0,1,-0.905085027217865,-0.30338698625564575,0.2979550063610077,0,0.30386999249458313,-0.9516069889068604,-0.04590199887752533,0,0.29746198654174805,0.048994001001119614,0.9534760117530823,0,20.636627197265625,-8.991806030273438,0.20456600189208984,1,0.9858859777450562,-0.1440110057592392,-0.08537399768829346,0,0.08146499842405319,0.8581770062446594,-0.5068489909172058,0,0.14625799655914307,0.4927409887313843,0.8577970266342163,0,0,53.666446685791016,0,1,0.9923239946365356,-0.09183599799871445,-0.08282399922609329,0,0.11288999766111374,0.39925000071525574,0.9098659753799438,0,-0.05049100145697594,-0.9122310280799866,0.4065519869327545,0,0,37.92011260986328,0,1,0.9999390244483948,0,0.011060000397264957,0,-0.007319999858736992,0.7496200203895569,0.6618279814720154,0,-0.008290999568998814,-0.6618679761886597,0.7495740056037903,0,0,26.28699493408203,0,1,-0.9550819993019104,0.1949159950017929,-0.22321699559688568,0,-0.21504999697208405,-0.9741259813308716,0.06951600313186646,0,-0.20389099419116974,0.11439599841833115,0.9722869992256165,0,-20.636627197265625,-8.991806030273438,0.5345810055732727,1,0.9916279911994934,0.07274899631738663,0.10668099671602249,0,0.0028329999186098576,0.8137289881706238,-0.5812379717826843,0,-0.12909400463104248,0.5766739845275879,0.8067110180854797,0,0,53.68657684326172,0,1,0.9787139892578125,0.18744300305843353,0.08356499671936035,0,-0.1468449980020523,0.35516101121902466,0.9231989979743958,0,0.14336800575256348,-0.9158200025558472,0.3751260042190552,0,0,37.9193115234375,0,1,0.9999489784240723,-0.0004239999980200082,-0.010041000321507454,0,0.007042999844998121,0.7422530055046082,0.6700829863548279,0,0.007168999873101711,-0.6701200008392334,0.742218017578125,0,0,26.3236141204834,0,1
K0.033,0.9974370002746582,-0.008192994631826878,0.0710809975862503,0,0.02256399393081665,0.9787480235099792,-0.20382200181484222,0,-0.06790100038051605,0.2049030065536499,0.976423978805542,0,0.07601889967918396,113.01929473876953,-1.1956617832183838,1,0.9996320009231567,0.01166999526321888,-0.02448701672255993,0,-0.012332996353507042,0.9995560050010681,-0.027107998728752136,0,0.024159016087651253,0.027399998158216476,0.9993330240249634,0,0,16.14203643798828,-1.8767130374908447,1,0.9999210238456726,0.000274999241810292,-0.012572010047733784,0,0.002529002958908677,0.9749400019645691,0.2224549949169159,0,0.012319009751081467,-0.2224690020084381,0.9748619794845581,0,0,18.959218978881836,0,1,0.9999300241470337,0.00047599917161278427,-0.011794009245932102,0,0.004358004312962294,0.9137150049209595,0.40633198618888855,0,0.010970007628202438,-0.40635499358177185,0.9136499762535095,0,0,21.667678833007812,0,1,0.9978529810905457,-0.06144999340176582,-0.022635988891124725,0,0.05699199438095093,0.9851449728012085,-0.1619899719953537,0,0.03225398436188698,0.1603519767522812,0.986532986164093,0,0,24.376136779785156,0.0000019999999949504854,1,0.9994480013847351,0.005822011735290289,0.032697051763534546,0,0.0006459977012127638,0.980925977230072,-0.1943819671869278,0,-0.033205050975084305,0.1942959725856781,0.9803810119628906,0,0,4.654387950897217,-0.0036849998869001865,1,-0.12075088918209076,0.11717201769351959,-0.98574298620224,0,0.8213120102882385,-0.5459440350532532,-0.1655029058456421,0,-0.5575530529022217,-0.8295879364013672,-0.030312061309814453,0,13.870368957519531,20.356922149658203,-0.8333470225334167,1,0.9168440103530884,0.19078399240970612,0.35071203112602234,0,-0.3793259859085083,0.6902710795402527,0.6161469221115112,0,-0.12453506886959076,-0.6979449391365051,0.7052400708198547,0,0,27.129404067993164,0,1,0.7900870442390442,0.6122769117355347,0.029649991542100906,0,-0.612252950668335,0.7858300805091858,0.08727898448705673,0,0.030139990150928497,-0.0871109887957573,0.9957429766654968,0,0,44.96103286743164,0,1,0.9559710025787354,-0.25932496786117554,-0.1373669058084488,0,0.2835499346256256,0.9368640184402466,0.20465996861457825,0,0.07562093436717987,-0.23459994792938232,0.9691460132598877,0,0,32.85053253173828,0,1,0.9407209753990173,0.3221549987792969,-0.10611700266599655,0,-0.21458800137043,0.8075690269470215,0.549347996711731,0,0.2626720070838928,-0.4940119981765747,0.828827977180481,0,-5.311360836029053,4.087009906768799,3.460880994796753,1,0.9358850121498108,-0.2810809910297394,0.21239900588989258,0,0.30865100026130676,0.9448360204696655,-0.10963500291109085,0,-0.16986599564552307,0.168163001537323,0.9710130095481873,0,-2.051815986633301,5.674567222595215,0,1,0.9540950059890747,0.29945799708366394,-0.005162999965250492,0,-0.2864620089530945,0.907384991645813,-0.3075590133666992,0,-0.08741600066423416,0.2949190139770508,0.9515150189399719,0,0.43756699562072754,5.560029029846191,0,1,0.9039430022239685,0.36297300457954407,-0.2261350005865097,0,-0.3926439881324768,0.9139569997787476,-0.1025339663028717,0,0.16946101188659668,0.181474968791008,0.96868497133255,0,-7.1596879959106445,19.600860595703125,0.11118700355291367,1,0.998320996761322,-0.0554950088262558,-0.016578005626797676,0,0.0556500069797039,0.8397639393806458,0.5400920510292053,0,-0.016050005331635475,-0.5401080846786499,0.8414419293403625,0,-0.0029460000805556774,3.5149049758911133,0,1,0.9991999864578247,-0.039267007261514664,-0.007629003841429949,0,0.03904900699853897,0.9161709547042847,0.39888107776641846,0,-0.00867400411516428,-0.3988600969314575,0.91697096824646,0,-0.000805000017862767,2.933371067047119,0,1,0.992510974407196,0.11942700296640396,-0.02566099911928177,0,-0.11846299469470978,0.9922950267791748,0.0362970307469368,0,0.029799003154039383,-0.032986029982566833,0.9990119934082031,0,-2.9414620399475098,18.301010131835938,0.43834999203681946,1,0.9980959892272949,-0.05902900546789169,-0.017910003662109375,0,0.05936300382018089,0.8402169346809387,0.5389920473098755,0,-0.01676800288259983,-0.5390280485153198,0.8421209454536438,0,0.009643999859690666,4.193960189819336,0,1,0.9998109936714172,-0.019160006195306778,-0.0031540016643702984,0,0.019174005836248398,0.9485020041465759,0.31619104743003845,0,-0.003067001700401306,-0.31619206070899963,0.9486899971961975,0,-0.023019999265670776,4.111331939697266,0,1,0.9996050000190735,0.008825997821986675,-0.026677001267671585,0,-0.003054996719583869,0.9779040217399597,0.2090330272912979,0,0.02793300151824951,-0.20886902511119843,0.9775450229644775,0,2.900629997253418,14.471482276916504,-0.02422099933028221,1,0.9984750151634216,-0.05263500288128853,-0.016656003892421722,0,0.053342003375291824,0.8420330286026001,0.5367820858955383,0,-0.014228003099560738,-0.5368520617485046,0.8435559868812561,0,-0.042424000799655914,5.0822978019714355,0,1,0.9995309710502625,-0.03019200637936592,-0.005106001626700163,0,0.030267005786299706,0.9488660097122192,0.31422504782676697,0,-0.004642001818865538,-0.3142320513725281,0.949334979057312,0,0.013402000069618225,5.235895156860352,0,1,0.9606019854545593,-0.27770599722862244,-0.011096000671386719,0,0.2660050094127655,0.9070919752120972,0.3262300193309784,0,-0.08053100854158401,-0.3163280189037323,0.9452250003814697,0,7.20051908493042,14.379316329956055,-0.078404001891613,1,0.9971370100975037,-0.0730920061469078,-0.019373001530766487,0,0.0720830038189888,0.8414430022239685,0.5355170369148254,0,-0.02284100465476513,-0.5353800654411316,0.8443019986152649,0,0.025794999673962593,4.166009902954102,0,1,0.9986850023269653,-0.05067100375890732,-0.007817002013325691,0,0.05057000368833542,0.948415994644165,0.31297004222869873,0,-0.008445002138614655,-0.31295302510261536,0.9497309923171997,0,-0.0014619999565184116,3.938528060913086,0,1,-0.029379861429333687,-0.08539802581071854,0.9959139823913574,0,-0.8452770113945007,-0.529676079750061,-0.0703548938035965,0,0.5335200428962708,-0.8438899517059326,-0.05662308633327484,0,-13.870368957519531,20.272939682006836,-0.1109829992055893,1,0.9437789916992188,-0.1893339306116104,-0.27098703384399414,0,0.32082894444465637,0.7222010493278503,0.6127759218215942,0,0.07968807965517044,-0.6652649641036987,0.7423420548439026,0,0,27.129404067993164,0,1,0.8145660161972046,-0.5797219276428223,-0.020134998485445976,0,0.5796329379081726,0.8121089935302734,0.067112997174263,0,-0.022554997354745865,-0.06633900105953217,0.9975420236587524,0,0,44.95357894897461,0,1,0.9724990725517273,0.06867603957653046,0.22254979610443115,0,-0.10001397132873535,0.9860910177230835,0.1327478140592575,0,-0.2103378027677536,-0.1513558030128479,0.9658410549163818,0,0,32.87995910644531,0,1,0.8900439739227295,-0.4464559853076935,0.09218300133943558,0,0.34147199988365173,0.7868840098381042,0.5140140056610107,0,-0.3020220100879669,-0.42601698637008667,0.8528140187263489,0,5.030203819274902,3.8169620037078857,2.449800968170166,1,0.8631470203399658,0.44962701201438904,-0.22980999946594238,0,-0.4713059961795807,0.8807129859924316,-0.04705600067973137,0,0.18123899400234222,0.1489270031452179,0.9720969796180725,0,1.2778819799423218,5.265562057495117,0,1,0.9933239817619324,0.09110300242900848,-0.07076399773359299,0,-0.10735499858856201,0.9545469880104065,-0.2780570089817047,0,0.04221599921584129,0.2837969958782196,0.957955002784729,0,-0.323309987783432,6.633784770965576,0,1,0.9197940230369568,-0.3226050138473511,0.22339600324630737,0,0.3606550097465515,0.9193350076675415,-0.15732696652412415,0,-0.15462101995944977,0.22527697682380676,0.9619470238685608,0,7.580634117126465,19.395544052124023,0.2081100046634674,1,0.9988539814949036,0.04597700387239456,0.013326001353561878,0,-0.04593600332736969,0.8423240184783936,0.5370100140571594,0,0.0134660005569458,-0.5370069742202759,0.8434709906578064,0,0.00016799999866634607,3.284113883972168,0,1,0.9993669986724854,0.03484499827027321,0.007208000402897596,0,-0.0348609983921051,0.9181730151176453,0.39464399218559265,0,0.007133000530302525,-0.39464500546455383,0.9188060164451599,0,-0.0010779999429360032,3.6350820064544678,0,1,0.996291995048523,-0.0860230028629303,0.0012229999992996454,0,0.0860309973359108,0.9962189793586731,-0.012092972174286842,0,-0.0001780024031177163,0.012153971940279007,0.999925971031189,0,2.38134503364563,18.772563934326172,-0.21081799268722534,1,0.998790979385376,0.0471469983458519,0.013945001177489758,0,-0.047269999980926514,0.8428109884262085,0.5361300110816956,0,0.013524000532925129,-0.5361409783363342,0.8440200090408325,0,0.0011409999569877982,4.2474799156188965,0,1,0.9996730089187622,0.02530200034379959,0.0037340002600103617,0,-0.02520100027322769,0.949521005153656,0.31269100308418274,0,0.004366000182926655,-0.31268200278282166,0.9498479962348938,0,0.0024979999288916588,4.17780876159668,0,1,0.9998729825019836,0.0052050016820430756,0.015045002102851868,0,-0.007614002097398043,0.9862989783287048,0.1647910326719284,0,-0.013982001692056656,-0.1648850291967392,0.9862139821052551,0,-2.799705982208252,14.989177703857422,-0.13555499911308289,1,0.9986760020256042,0.04972900077700615,0.013153000734746456,0,-0.04904000088572502,0.8432829976081848,0.5352280139923096,0,0.015524000860750675,-0.535165011882782,0.844605028629303,0,-0.018492000177502632,4.854349136352539,0,1,0.9993469715118408,0.03566199913620949,0.005872999783605337,0,-0.035711999982595444,0.9493070244789124,0.3123140037059784,0,0.005561999976634979,-0.3123199939727783,0.9499610066413879,0,-0.006572999991476536,5.488811016082764,0,1,0.9547600150108337,0.29734599590301514,-0.004306999500840902,0,-0.2830069959163666,0.912975013256073,0.29391103982925415,0,0.09132600575685501,-0.27939504384994507,0.9558230042457581,0,-7.162271976470947,14.392669677734375,0.10777299851179123,1,0.9985759854316711,0.05175299942493439,0.012968000955879688,0,-0.05067899823188782,0.8441140055656433,0.5337619781494141,0,0.01667800173163414,-0.5336589813232422,0.8455349802970886,0,-0.026340000331401825,4.89473295211792,0,1,0.9989269971847534,0.04613199830055237,0.004155000671744347,0,-0.04512700065970421,0.9490919709205627,0.31174999475479126,0,0.010437999852001667,-0.31160300970077515,0.9501550197601318,0,-0.005539999809116125,3.8266239166259766,0,1,-0.9060149788856506,-0.3020079731941223,0.2965269684791565,0,0.30225297808647156,-0.9521080255508423,-0.046198006719350815,0,0.2962769567966461,0.047769978642463684,0.9539070129394531,0,20.636627197265625,-8.991806030273438,0.20456600189208984,1,0.9864299893379211,-0.14059694111347198,-0.08478798717260361,0,0.0789959654211998,0.859142005443573,-0.505603015422821,0,0.14393095672130585,0.49204400181770325,0.8585900068283081,0,0,53.666446685791016,0,1,0.9920859932899475,-0.09406803548336029,-0.08316200971603394,0,0.11412402242422104,0.3994320034980774,0.9096320271492004,0,-0.0523490309715271,-0.9119240045547485,0.40700599551200867,0,0,37.92011260986328,0,1,0.9999390244483948,0,0.011060000397264957,0,-0.007319999858736992,0.7496200203895569,0.6618279814720154,0,-0.008290999568998814,-0.6618689894676208,0.7495740056037903,0,0,26.28699493408203,0,1,-0.9553819894790649,0.19422799348831177,-0.2225319892168045,0,-0.21420098841190338,-0.9743350148200989,0.06920599937438965,0,-0.20337899029254913,0.11378499120473862,0.972465991973877,0,-20.636627197265625,-8.991806030273438,0.5345810055732727,1,0.9918389916419983,0.07033497095108032,0.10634300112724304,0,0.004522023256868124,0.8141419887542725,-0.5806480050086975,0,-0.12741798162460327,0.5763900279998779,0.8071799874305725,0,0,53.68657684326172,0,1,0.9784579873085022,0.1887030154466629,0.08373399823904037,0,-0.14753201603889465,0.35541200637817383,0.922993004322052,0,0.14441101253032684,-0.9154639840126038,0.37559500336647034,0,0,37.9193115234375,0,1,0.9999499917030334,-0.000433000095654279,-0.010027999989688396,0,0.0070420000702142715,0.7420880198478699,0.6702659726142883,0,0.007151000201702118,-0.6703029870986938,0.7420529723167419,0,0,26.3236141204834,0,1
